-9.0000000000000000000 -10.0000000000000000000 -7.7166544596354169627 0.2000732421875000000 -11.0000000000000000000 -9.0000000000000000000 -10.0000000000000000000 -9.0000000000000000000 -9.0000000000000000000 -7.0000000000000000000 -9.0000000000000000000 -10.0000000000000000000

-9.0000000000000000000 -10.0000000000000000000 -7.6999918619791669627 0.3000488281250000000 -11.0000000000000000000 -9.0000000000000000000 -10.0000000000000000000 -9.0000000000000000000 -9.0000000000000000000 -7.0000000000000000000 -9.0000000000000000000 -10.0000000000000000000 

-9.0000000000000000000 -10.0000000000000000000 -7.7299982706705732127 0.1200103759765625000 -11.0000000000000000000 -9.0000000000000000000 -10.0000000000000000000 -9.0000000000000000000 -9.0000000000000000000 -7.0000000000000000000 -9.0000000000000000000 -10.0000000000000000000 

-33.0000000000000000000 -34.0000000000000000000 -27.6149999994474164566 0.8100000033155083656 -35.0000000000000000000 -33.0000000000000000000 -34.0000000000000000000 -33.0000000000000000000 -33.0000000000000000000 -31.0000000000000000000 -33.0000000000000000000 -34.0000000000000000000 

-33.0000000000000000000 -34.0000000000000000000 -27.6116666692929975113 0.8299999842420220375 -35.0000000000000000000 -33.0000000000000000000 -34.0000000000000000000 -33.0000000000000000000 -33.0000000000000000000 -31.0000000000000000000 -33.0000000000000000000 -34.0000000000000000000

-17.0000000000000000000 -18.0000000000000000000 -14.2949999173482265036 0.7300004959106445312 -19.0000000000000000000 -17.0000000000000000000 -18.0000000000000000000 -17.0000000000000000000 -17.0000000000000000000 -15.0000000000000000000 -17.0000000000000000000 -18.0000000000000000000 

-9.0000000000000000000 -10.0000000000000000000 -7.6449381510416669627 0.6303710937500000000 -11.0000000000000000000 -9.0000000000000000000 -10.0000000000000000000 -9.0000000000000000000 -9.0000000000000000000 -7.0000000000000000000 -9.0000000000000000000 -10.0000000000000000000 

-17.0000000000000000000 -18.0000000000000000000 -14.3899999459584559958 0.1600003242492675781 -19.0000000000000000000 -17.0000000000000000000 -18.0000000000000000000 -17.0000000000000000000 -17.0000000000000000000 -15.0000000000000000000 -17.0000000000000000000 -18.0000000000000000000

-0.7500000000000000000 -1.0000000000000000000 0.5000000000000000000 -0.2500000000000000000 0.0000000000000000000 0.0000000000000000000 0.0416666666666666644 0.1250000000000000000 -0.5000000000000000000 0.2500000000000000000 -0.5000000000000000000 1.0000000000000000000 

-0.8750000000000000000 -1.0000000000000000000 0.5000000000000000000 -0.3750000000000000000 0.0000000000000000000 0.0000000000000000000 -0.0833333333333333287 0.1250000000000000000 -0.5000000000000000000 0.1250000000000000000 -0.5000000000000000000 1.0000000000000000000 

-1.0625000000000000000 -1.0000000000000000000 0.5000000000000000000 -0.5625000000000000000 0.0000000000000000000 0.0000000000000000000 -0.2708333333333333148 0.1250000000000000000 -0.5000000000000000000 -0.0625000000000000000 -0.5000000000000000000 1.0000000000000000000 

-17.0000000000000000000 -3.0000000000000000000 -1.0000000000000000000 -14.6875000000000000000 -1.0000000000000000000 -1.0000000000000000000 -16.0000000000000000000 -1.0000000000000000000 0.6000000000000007550 -16.0000000000000000000 -2.0000000000000000000 -1.0000000000000000000 

 

 
 





