var_v: 0 0 5.00099993 
extreme: 5.00099993 5.00099993 
var_v: -2.00000048 1 6.0010004 
extreme: 5.00099993 5.00099993 
var_v: -4.00000095 2 7.00100088 
extreme: 5.0010004 5.00099993 
3
time: 0.014565
var_v: 0 0 10 
extreme: 10 10 
var_v: -2.00000095 1 11.000001 
extreme: 10 10 
var_v: -4.00000191 2 12.0000019 
extreme: 10 10 
var_v: -6.00000286 3.00000024 13.0000029 
extreme: 10.000001 10 
4
time: 0.004772
var_v: 0 0 12.3699999 
extreme: 12.3699999 12.3699999 
var_v: -2.00000095 1 13.3700008 
extreme: 12.3699999 12.3699999 
var_v: -4.00000191 2 14.3700018 
extreme: 12.3700008 12.3699999 
3
time: 0.00412738964var_v: 0 0 50.0009995 
extreme: 50.0009995 50.0009995 
var_v: -2.00000334 1 51.0010033 
extreme: 50.0009995 50.0009995 
var_v: -4.00000715 2 52.0010071 
extreme: 50.0009995 50.0009995 
var_v: -6.00001097 3.00000024 53.0010109 
extreme: 50.0009995 50.0009995 
var_v: -8.00001526 4.00000048 54.0010147 
extreme: 50.0009995 50.0009995 
var_v: -10.0000191 5.00000095 55.0010185 
extreme: 50.0009995 50.0009995 
var_v: -12.0000238 6.00000143 56.0010223 
extreme: 50.0009995 50.0009995 
var_v: -14.0000277 7.00000191 57.0010262 
extreme: 50.0010033 50.0009995 
8
time: 0.005607
var_v: 0 0 100.030998 
extreme: 100.030998 100.030998 
var_v: -2.00000596 1 101.031006 
extreme: 100.030998 100.030998 
var_v: -4.00001383 2 102.031013 
extreme: 100.030998 100.030998 
var_v: -6.00002146 3.00000024 103.031021 
extreme: 100.030998 100.030998 
var_v: -8.00002956 4.00000048 104.031029 
extreme: 100.030998 100.030998 
var_v: -10.0000372 5.00000095 105.031036 
extreme: 100.030998 100.030998 
var_v: -12.0000458 6.00000143 106.031044 
extreme: 100.030998 100.030998 
var_v: -14.0000534 7.00000191 107.031052 
extreme: 100.030998 100.030998 
var_v: -16.000061 8.00000191 108.031059 
extreme: 100.030998 100.030998 
var_v: -18.0000706 9.00000286 109.031067 
extreme: 100.030998 100.030998 
var_v: -20.0000782 10.0000038 110.031075 
extreme: 100.031006 100.030998 
11
time: 0.006357
var_v: 0 0 500.001007 
extreme: 500.001007 500.001007 
var_v: -2.00003767 1 501.001038 
extreme: 500.001007 500.001007 
var_v: -4.00006819 2 502.001068 
extreme: 500.001007 500.001007 
var_v: -6.00009871 3.00000024 503.001099 
extreme: 500.001007 500.001007 
var_v: -8.0001297 4.00000048 504.001129 
extreme: 500.001007 500.001007 
var_v: -10.0001602 5.00000095 505.00116 
extreme: 500.001007 500.001007 
var_v: -12.0001917 6.00000143 506.00119 
extreme: 500.001038 500.001007 
7
time: 0.005425
var_v: 0.125 0.5 -2.17609167 
x: 0.124999993 0.125  0.125000015
extreme: 5.00099993 5.00099993  5.00099993 5.00099993 
var_v: -1 2 -0.0316227749 
x: -1.000000119 -1  -0.999999940
extreme: 5.00099993 5.00099993  5.00099993 5.00099993 
var_v: -2 -1 0.0316227749 
x: -2.000000238 -2  -1.999999881
extreme: 5.00099993 5.00099993  5.00099993 5.00099993 
var_v: -2.125 0.625 -0.307814866 
x: -2.125000238 -2.125  -2.124999762
extreme: 5.00099993 5.00099993  5.00099993 5.00099993 
var_v: -2.1875 0 -0.464589864 
x: -2.187500238 -2.1875  -2.187499762
extreme: 5.00099993 5.00099993  5.00099993 5.00099993 
var_v: -2.21875 0.25 -0.125093713 
x: -2.218750238 -2.21875  -2.218749762
extreme: 5.00099993 5.00099993  5.00099993 5.00099993 
var_v: -2.234375 -0.0625 -0.0682796389 
x: -2.234375238 -2.234375  -2.234374762
extreme: 5.00099993 5.00099993  5.00099993 5.00099993 
var_v: -2.23535156 -0.03125 -0.0568051897 
x: -2.235351801 -2.23535156  -2.235351324
extreme: 5.00099993 5.00099993  5.00099993 5.00099993 
var_v: -2.23583984 0.03125 -0.0323052704 
x: -2.235840082 -2.23583984  -2.235839605
extreme: 5.00099993 5.00099993  5.00099993 5.00099993 
var_v: -2.23608398 -0.015625 -0.0261586346 
x: -2.236084223 -2.23608398  -2.236083746
extreme: 5.00099993 5.00099993  5.00099993 5.00099993 
var_v: -2.23620605 -0.0078125 -0.0179289095 
x: -2.236206293 -2.23620605  -2.236205816
extreme: 5.00099993 5.00099993  5.00099993 5.00099993 
var_v: -2.23626709 0.0078125 -0.00696187653 
x: -2.236267328 -2.23626709  -2.236266851
extreme: 5.0010004 5.00099993  5.0010004 5.0010004 
var_v: -2.23628235 -0.00390625 -0.00509886304 
x: -2.236282587 -2.23628235  -2.236282110
extreme: 5.0010004 5.00099993  5.0010004 5.0010004 
var_v: -2.23628998 -0.001953125 -0.00182194321 
x: -2.236290216 -2.23628998  -2.236289740
extreme: 5.00099993 5.00099993  5.00099993 5.00099993 
var_v: -2.23629093 -0.0009765625 -0.00138387666 
x: -2.236291170 -2.23629093  -2.236290693
extreme: 5.00099993 5.00099993  5.00099993 5.00099993 
var_v: -2.23629141 -0.00048828125 -0.000705462182 
x: -2.236291647 -2.23629141  -2.236291170
extreme: 5.00099993 5.00099993  5.0010004 5.00099993 
16
time: 0.079091
var_v: 0.125 0.5 -3.12047672 
x: 0.124999993 0.125  0.125000015
extreme: 10.0030003 10.0030003  10.0030003 10.0030003 
var_v: -1 2 -2.23673868 
x: -1.000000119 -1  -0.999999940
extreme: 10.0030003 10.0030003  10.0030003 10.0030003 
var_v: -3 1 -0.0547722541 
x: -3.000000238 -3  -2.999999762
extreme: 10.0030003 10.0030003  10.0030003 10.0030003 
var_v: -3.125 0 -0.487211466 
x: -3.125000238 -3.125  -3.124999762
extreme: 10.0030003 10.0030003  10.0030003 10.0030003 
var_v: -3.15625 0.125 -0.159564838 
x: -3.156250238 -3.15625  -3.156249762
extreme: 10.0030003 10.0030003  10.0030003 10.0030003 
var_v: -3.16015625 0.0625 -0.11183124 
x: -3.160156488 -3.16015625  -3.160156012
extreme: 10.0030003 10.0030003  10.0030003 10.0030003 
var_v: -3.16210938 -0.0625 -0.0125718154 
x: -3.162109613 -3.16210938  -3.162109137
extreme: 10.0030003 10.0030003  10.0030003 10.0030003 
var_v: -3.16259766 0.015625 -0.0270540956 
x: -3.162597895 -3.16259766  -3.162597418
extreme: 10.0030003 10.0029993  10.0029993 10.0029993 
var_v: -3.16271973 -0.0078125 -0.0119539136 
x: -3.162719965 -3.16271973  -3.162719488
extreme: 10.0030003 10.0030003  10.0030003 10.0030003 
var_v: -3.16275024 -0.001953125 -0.00266054343 
x: -3.162750483 -3.16275024  -3.162750006
extreme: 10.0030003 10.0029993  10.0029993 10.0029993 
var_v: -3.1627512 -0.00219726562 -0.000180952833 
x: -3.162751436 -3.1627512  -3.162750959
extreme: 10.0030003 10.0030003  10.0030003 10.0030003 
var_v: -3.16275167 0.0009765625 -0.00094382785 
x: -3.162751913 -3.16275167  -3.162751436
extreme: 10.0030003 10.0030003  10.0030003 10.0030003 
var_v: -3.16275191 0.00048828125 -0.000312968332 
x: -3.162752151 -3.16275191  -3.162751675
extreme: 10.0030003 10.0029993  10.0029993 10.0029993 
var_v: -3.16275072 0.000732421875 -0.00270933798 
x: -3.162750959 -3.16275072  -3.162750483
extreme: 10.0030003 10.0030003  10.0030003 10.0029993 
14
time: 0.062259
var_v: 0.125 0.5 -3.47913432 
x: 0.124999993 0.125  0.125000015
extreme: 12.3700008 12.3700008  12.3700008 12.3700008 
var_v: -1 2 -2.71477437 
x: -1.000000119 -1  -0.999999940
extreme: 12.3699999 12.3699999  12.3699999 12.3699999 
var_v: -3 1 -1.53948045 
x: -3.000000238 -3  -2.999999762
extreme: 12.3699999 12.3699999  12.3699999 12.3699999 
var_v: -3.5 0 -0.346410155 
x: -3.500000238 -3.5  -3.499999762
extreme: 12.3699999 12.3699999  12.3699999 12.3699999 
var_v: -3.515625 0.0625 -0.0804649591 
x: -3.515625238 -3.515625  -3.515624762
extreme: 12.3699999 12.3699999  12.3699999 12.3699999 
var_v: -3.51660156 0.03125 -0.0503675304 
x: -3.516601801 -3.51660156  -3.516601324
extreme: 12.3699999 12.3699999  12.3699999 12.3699999 
var_v: -3.51708984 -0.0078125 -0.00424214965 
x: -3.517090082 -3.51708984  -3.517089605
extreme: 12.3699999 12.3699999  12.3699999 12.3699999 
var_v: -3.51709747 0.00390625 -0.00317893247 
x: -3.517097712 -3.51709747  -3.517097235
extreme: 12.3700008 12.3699999  12.3700008 12.3700008 
var_v: -3.51709938 -0.001953125 -0.00285184802 
x: -3.517099619 -3.51709938  -3.517099142
extreme: 12.3700008 12.3699999  12.3700008 12.3700008 
var_v: -3.51710033 -0.0009765625 -0.00207019923 
x: -3.517100573 -3.51710033  -3.517100096
extreme: 12.3699999 12.3699999  12.3699999 12.3699999 
var_v: -3.51710081 -0.00122070312 -0.000628581271 
x: -3.517101049 -3.51710081  -3.517100573
extreme: 12.3699999 12.3699999  12.3699999 12.3699999 
var_v: -3.51710105 0.000244140625 -0.000385410764 
x: -3.517101288 -3.51710105  -3.517100811
extreme: 12.3699999 12.3699999  12.3699999 12.3699999 
var_v: -3.51709986 0.000122070312 -0.00292893592 
x: -3.517100096 -3.51709986  -3.517099619
extreme: 12.3699999 12.3699999  12.3699999 12.3699999 
var_v: -3.51709843 0.000183105469 -0.0043153842 
x: -3.517098665 -3.51709843  -3.517098188
extreme: 12.3700008 12.3699999  12.3700008 12.3700008 
var_v: -3.5170989 0.000152587891 -0.00390878739 
x: -3.517099142 -3.5170989  -3.517098665
extreme: 12.3699999 12.3699999  12.3699999 12.3699999 
var_v: -3.51709795 -0.00109863281 -0.00456105685 
x: -3.517098188 -3.51709795  -3.517097712
extreme: 12.3699999 12.3699999  12.3699999 12.3699999 
var_v: -3.51709366 -0.00103759766 -0.00714990217 
x: -3.517093897 -3.51709366  -3.517093420
extreme: 12.3700008 12.3699999  12.3699999 12.3699999 
var_v: -3.51709557 -0.00146484375 -0.00605270965 
x: -3.517095804 -3.51709557  -3.517095327
extreme: 12.3699999 12.3699989  12.3699999 12.3699989 
18
time: 0.089759287512var_v: 0.125 0.5 -7.05240202 
x: 0.124999993 0.125  0.125000015
extreme: 50.0019989 50.0019989  50.0019989 50.0019989 
var_v: -1 2 -6.70835304 
x: -1.000000119 -1  -0.999999940
extreme: 50.0019989 50.0019989  50.0019989 50.0019989 
var_v: -3 1 -6.32471323 
x: -3.000000238 -3  -2.999999762
extreme: 50.0019989 50.0019989  50.0019989 50.0019989 
var_v: -5 0.75 -4.94363213 
x: -5.000000477 -5  -4.999999523
extreme: 50.0019989 50.0019989  50.0019989 50.0019989 
var_v: -7 0.625 -0.781904697 
x: -7.000000477 -7  -6.999999523
extreme: 50.0019989 50.0019989  50.0019989 50.0019989 
var_v: -7.0625 0 -0.350847185 
x: -7.062500477 -7.0625  -7.062499523
extreme: 50.0019989 50.0019989  50.0019989 50.0019989 
var_v: -7.0703125 -0.0625 -0.0936744511 
x: -7.070312977 -7.0703125  -7.070312023
extreme: 50.0019989 50.0019989  50.0019989 50.0019989 
var_v: -7.07080078 0.0625 -0.0432442129 
x: -7.070801258 -7.07080078  -7.070800304
extreme: 50.0019989 50.0019989  50.0019989 50.0019989 
var_v: -7.07104492 -0.03125 -0.0367035456 
x: -7.071045399 -7.07104492  -7.071044445
extreme: 50.0019989 50.0019989  50.0019989 50.0019989 
var_v: -7.07116699 -0.015625 -0.0187943596 
x: -7.071167469 -7.07116699  -7.071166515
extreme: 50.0020027 50.0019989  50.0020027 50.0020027 
var_v: -7.07119751 0.0078125 -0.0102343895 
x: -7.071197987 -7.07119751  -7.071197033
extreme: 50.0019989 50.0019989  50.0019989 50.0019989 
var_v: -7.07120514 -0.00390625 -0.00652848557 
x: -7.071205616 -7.07120514  -7.071204662
extreme: 50.0019989 50.0019989  50.0019989 50.0019989 
var_v: -7.07120895 -0.001953125 -0.000340865605 
x: -7.071209431 -7.07120895  -7.071208477
extreme: 50.0019989 50.0019989  50.0019989 50.0019989 
var_v: -7.07120705 0.00390625 -0.00395558029 
x: -7.071207523 -7.07120705  -7.071206570
extreme: 50.0019989 50.0019989  50.0019989 50.0019989 
var_v: -7.071208 0.001953125 -0.00368828536 
x: -7.071208477 -7.071208  -7.071207523
extreme: 50.0020027 50.0019989  50.0020027 50.0020027 
var_v: -7.07120609 -0.0009765625 -0.00659082597 
x: -7.071206570 -7.07120609  -7.071205616
extreme: 50.0019989 50.0019989  50.0020027 50.0019989 
16
time: 0.076046
var_v: 0.125 0.5 -9.98826218 
x: 0.124999993 0.125  0.125000015
extreme: 100.031006 100.031006  100.031006 100.031006 
var_v: -1 2 -9.74838448 
x: -1.000000119 -1  -0.999999940
extreme: 100.030998 100.030998  100.030998 100.030998 
var_v: -3 1 -9.48846626 
x: -3.000000238 -3  -2.999999762
extreme: 100.030991 100.030991  100.030991 100.030991 
var_v: -5 0.75 -8.62951374 
x: -5.000000477 -5  -4.999999523
extreme: 100.031006 100.031006  100.031006 100.031006 
var_v: -7 0.625 -7.11620522 
x: -7.000000477 -7  -6.999999523
extreme: 100.031006 100.030998  100.031006 100.031006 
var_v: -9 0.5625 -4.32603693 
x: -9.000000954 -9  -8.999999046
extreme: 100.031006 100.030998  100.031006 100.031006 
var_v: -10 0 -0.176068172 
x: -10.000000954 -10  -9.999999046
extreme: 100.030998 100.030998  100.030998 100.030998 
var_v: -10.0009766 -0.0625 -0.0869571492 
x: -10.000977516 -10.0009766  -10.000975609
extreme: 100.030998 100.030998  100.030998 100.030998 
var_v: -10.0014648 -0.03125 -0.0269149914 
x: -10.001465797 -10.0014648  -10.001463890
extreme: 100.030998 100.030998  100.030998 100.030998 
var_v: -10.0015259 -0.015625 -0.0153607596 
x: -10.001526833 -10.0015259  -10.001524925
extreme: 100.030998 100.030998  100.030998 100.030998 
var_v: -10.0015411 0.0078125 -0.0106693879 
x: -10.001542091 -10.0015411  -10.001540184
extreme: 100.030998 100.030998  100.030998 100.030998 
var_v: -10.0015488 -0.00390625 -0.00264589023 
x: -10.001549721 -10.0015488  -10.001547813
extreme: 100.030998 100.030998  100.030998 100.030998 
var_v: -10.0015497 0.00048828125 -0.000748403952 
x: -10.001550674 -10.0015497  -10.001548767
extreme: 100.030998 100.030998  100.030998 100.030998 
var_v: -10.001545 0.00390625 -0.00912723877 
x: -10.001545906 -10.001545  -10.001543999
extreme: 100.030998 100.030998  100.030998 100.030998 
var_v: -10.0015469 0.001953125 -0.0075231446 
x: -10.001547813 -10.0015469  -10.001545906
extreme: 100.030998 100.030998  100.030998 100.030998 
var_v: -10.001543 -0.0078125 -0.00869959593 
x: -10.001543999 -10.001543  -10.001542091
extreme: 100.030998 100.030998  100.030998 100.030998 
var_v: -10.0015335 -0.005859375 -0.0171216261 
x: -10.001534462 -10.0015335  -10.001532555
extreme: 100.030998 100.030991  100.030998 100.030991 
17
time: 0.084489
var_v: 0.125 0.5 -22.3757763 
x: 0.124999993 0.125  0.125000015
extreme: 500.940979 500.940979  500.940979 500.940979 
var_v: -1 2 -22.2697334 
x: -1.000000119 -1  -0.999999940
extreme: 500.94104 500.94104  500.94104 500.94104 
var_v: -3 1 -22.1571884 
x: -3.000000238 -3  -2.999999762
extreme: 500.94101 500.94101  500.94101 500.94101 
var_v: -5 0.75 -21.8031769 
x: -5.000000477 -5  -4.999999523
extreme: 500.94101 500.94101  500.94101 500.94101 
var_v: -7 0.625 -21.2497139 
x: -7.000000477 -7  -6.999999523
extreme: 500.940979 500.940979  500.940979 500.940979 
var_v: -9 0.5625 -20.4847412 
x: -9.000000954 -9  -8.999999046
extreme: 500.94104 500.94104  500.94104 500.94104 
var_v: -11 0.53125 -19.4848347 
x: -11.000000954 -11  -10.999999046
extreme: 500.94101 500.94101  500.94101 500.94101 
var_v: -13 0.515625 -18.2119503 
x: -13.000000954 -13  -12.999999046
extreme: 500.94101 500.94101  500.94101 500.94101 
var_v: -15 0.5078125 -16.6037083 
x: -15.000000954 -15  -14.999999046
extreme: 500.94101 500.94101  500.94101 500.94101 
var_v: -17 1.5 -14.480711 
x: -17.000001907 -17  -16.999998093
extreme: 500.940979 500.940979  500.940979 500.940979 
var_v: -19 1.25 -11.7634392 
x: -19.000001907 -19  -18.999998093
extreme: 500.94101 500.940979  500.940979 500.940979 
var_v: -21 1.125 -7.65998554 
x: -21.000001907 -21  -20.999998093
extreme: 500.94101 500.94101  500.94101 500.94101 
var_v: -22 0.59375 -4.07289362 
x: -22.000001907 -22  -21.999998093
extreme: 500.94101 500.94101  500.94101 500.94101 
var_v: -22.25 0.609375 -2.34673429 
x: -22.250001907 -22.25  -22.249998093
extreme: 500.94101 500.94101  500.94101 500.94101 
var_v: -22.375 0.546875 -0.0360934101 
x: -22.375001907 -22.375  -22.374998093
extreme: 500.94101 500.94101  500.94101 500.94101 
var_v: -22.3789062 0 -0.354337484 
x: -22.378908157 -22.3789062  -22.378904343
extreme: 500.94101 500.940979  500.940979 500.940979 
var_v: -22.3808594 0.125 -0.15002878 
x: -22.380861282 -22.3808594  -22.380857468
extreme: 500.94101 500.94101  500.94101 500.94101 
var_v: -22.3813477 0.126953125 -0.0126488786 
x: -22.381349564 -22.3813477  -22.381345749
extreme: 500.94101 500.940979  500.940979 500.940979 
var_v: -22.3815918 -0.0625 -0.0379787832 
x: -22.381593704 -22.3815918  -22.381589890
extreme: 500.94101 500.940979  500.940979 500.940979 
var_v: -22.3816528 0.03125 -0.0404962227 
x: -22.381654739 -22.3816528  -22.381650925
extreme: 500.94101 500.94101  500.94101 500.94101 
var_v: -22.3816833 -0.03125 -0.0165491793 
x: -22.381685257 -22.3816833  -22.381681442
extreme: 500.94101 500.94101  500.94101 500.94101 
var_v: -22.3816986 0.015625 -0.0179794934 
x: -22.381700516 -22.3816986  -22.381696701
extreme: 500.94101 500.94101  500.94101 500.94101 
var_v: -22.3817062 0.0078125 -0.0128393918 
x: -22.381708145 -22.3817062  -22.381704330
extreme: 500.94101 500.940979  500.940979 500.940979 
var_v: -22.3817101 0.00390625 -0.00631406903 
x: -22.381711960 -22.3817101  -22.381708145
extreme: 500.94101 500.940979  500.94101 500.94101 
var_v: -22.3817024 0.005859375 -0.0190344881 
x: -22.381704330 -22.3817024  -22.381700516
extreme: 500.94101 500.94101  500.94101 500.94101 
var_v: -22.381691 0.0048828125 -0.0297502689 
x: -22.381692886 -22.381691  -22.381689072
extreme: 500.94101 500.94101  500.94101 500.94101 
var_v: -22.3816948 0.0068359375 -0.0262950864 
x: -22.381696701 -22.3816948  -22.381692886
extreme: 500.94101 500.94101  500.94101 500.940979 
27
time: 0.158278

done
