var_v: 0 0 5.00099993 0 0 0 
extreme: 5.00099993 5.00099993 
var_v: -5.00000048 1 6.0010004 1 1 1 
extreme: 5.00099993 5.00099993 
var_v: -10.000001 2 7.00100088 2 2 2 
extreme: 5.0010004 5.00099993 
3
time: 0.026187
var_v: 0 0 10 0 0 0 
extreme: 10 10 
var_v: -5.00000095 1 11.000001 1 1 1 
extreme: 10 10 
var_v: -10.0000019 2 12.0000019 2 2 2 
extreme: 10 10 
var_v: -15.0000038 3.00000024 13.0000029 3.00000024 3.00000024 3.00000024 
extreme: 10.000001 10 
4
time: 0.005499
var_v: 0 0 12.3699999 0 0 0 
extreme: 12.3699999 12.3699999 
var_v: -5.00000095 1 13.3700008 1 1 1 
extreme: 12.3699999 12.3699999 
var_v: -10.0000019 2 14.3700018 2 2 2 
extreme: 12.3700008 12.3699999 
3
time: 0.00460950534var_v: 0 0 50.0009995 0 0 0 
extreme: 50.0009995 50.0009995 
var_v: -5.00000334 1 51.0010033 1 1 1 
extreme: 50.0009995 50.0009995 
var_v: -10.0000076 2 52.0010071 2 2 2 
extreme: 50.0009995 50.0009995 
var_v: -15.0000114 3.00000024 53.0010109 3.00000024 3.00000024 3.00000024 
extreme: 50.0010033 50.0009995 
4
time: 0.004751
var_v: 0 0 100.030998 0 0 0 
extreme: 100.030998 100.030998 
var_v: -5.00000572 1 101.031006 1 1 1 
extreme: 100.030998 100.030998 
var_v: -10.0000143 2 102.031013 2 2 2 
extreme: 100.030998 100.030998 
var_v: -15.0000219 3.00000024 103.031021 3.00000024 3.00000024 3.00000024 
extreme: 100.030998 100.030998 
var_v: -20.0000305 4.00000048 104.031029 4.00000048 4.00000048 4.00000048 
extreme: 100.030998 100.030998 
var_v: -25.0000401 5.00000095 105.031036 5.00000095 5.00000095 5.00000095 
extreme: 100.030998 100.030998 
var_v: -30.0000496 6.00000143 106.031044 6.00000143 6.00000143 6.00000143 
extreme: 100.031006 100.030991 
7
time: 0.006294
var_v: 0 0 500.001007 0 0 0 
extreme: 500.001007 500.001007 
var_v: -5.00003767 1 501.001038 1 1 1 
extreme: 500.001007 500.001007 
var_v: -10.0000687 2 502.001068 2 2 2 
extreme: 500.001007 500.001007 
var_v: -15.0000992 3.00000024 503.001099 3.00000024 3.00000024 3.00000024 
extreme: 500.001007 500.001007 
var_v: -20.0001316 4.00000048 504.001129 4.00000048 4.00000048 4.00000048 
extreme: 500.001038 500.001007 
5
time: 0.005145
value: 0.125 0.5  -0.5 -0.5 1 -1.79871488 
extreme: 5.0010004 5.0010004  5.0010004 5.0010004 
value: -1 2  0 0 0 -0.0316227749 
extreme: 5.00099993 5.00099993  5.00099993 5.00099993 
value: -2 1  -0.03125 0.00390625 0.001953125 -0.00208902219 
extreme: 5.00099993 5.00099993  5.00099993 5.00099993 
value: -2.125 0  -0.015625 -0.25 0.5 -0.41548869 
extreme: 5.00099993 5.00099993  5.00099993 5.00099993 
value: -2.1875 0.25  -0.25 -0.125 0.25 -0.112777434 
extreme: 5.00099993 5.00099993  5.00099993 5.00099993 
value: -2.21875 0.265625  -0.0234375 -0.0625 0.0009765625 -0.0559935421 
extreme: 5.00099993 5.00099993  5.00099993 5.00099993 
value: -2.234375 0.0625  -0.0078125 0.001953125 0.00048828125 -0.067801334 
extreme: 5.00099993 5.00099993  5.00099993 5.00099993 
value: -2.23535156 0.064453125  -0.00390625 0.0009765625 0.00146484375 -0.00555233983 
extreme: 5.00099993 5.00099993  5.00099993 5.00099993 
value: -2.23583984 0.03125  -0.005859375 -0.03125 0.000732421875 -0.00567445019 
extreme: 5.0010004 5.00099993  5.00099993 5.00099993 
value: -2.23608398 -0.015625  -0.0048828125 0.00146484375 0.00170898438 -0.0256001167 
extreme: 5.0010004 5.00099945  5.00099993 5.00099945 
10
time: 0.053775
value: 0.125 0.5  -0.5 -0.5 1 -2.86956 
extreme: 10 10  10 10 
value: -1 2  -2 1 0 0 
extreme: 10 10  10 10 
value: -3 0.75  0 0 0.5 -0.433012694 
extreme: 10 10  10 10 
value: -3.125 0  -0.25 0.25 -0.25 -0.216506347 
extreme: 10 10  10 10 
value: -3.15625 0.125  -0.125 0.0625 0.03125 -0.0441941731 
extreme: 10 10  10 10 
value: -3.16015625 -0.0625  -0.0625 0.03125 0.015625 -0.0661760718 
extreme: 10 10  10 10 
value: -3.16210938 -0.03125  -0.0078125 -0.00390625 0.001953125 -0.00276213582 
extreme: 10 10  10 10 
value: -3.16223145 -0.015625  -0.00390625 -0.001953125 0.00390625 -0.00371663505 
extreme: 10 10  10 10 
value: -3.16226196 0.0078125  -0.005859375 -0.0009765625 0.0009765625 -0.00141537096 
extreme: 10 10  10 10 
value: -3.16227722 -0.0009765625  -0.0009765625 -0.00048828125 0.00048828125 -0.000623746775 
extreme: 10 9.99999905  10 9.99999905 
10
time: 0.053845
value: 0.125 0.5  -0.5 -0.5 1 -3.25643587 
extreme: 12.3699999 12.3699999  12.3699999 12.3699999 
value: -1 2  -2 1 0 -1.53948045 
extreme: 12.3699999 12.3699999  12.3699999 12.3699999 
value: -3 1  1 0 -1 -0.608276248 
extreme: 12.3699999 12.3699999  12.3699999 12.3699999 
value: -3.5 0  0 -0.25 0.125 -0.204633817 
extreme: 12.3699999 12.3699999  12.3699999 12.3699999 
value: -3.515625 0.0625  -0.0625 0.03125 0.03125 -0.0248039179 
extreme: 12.3699999 12.3699999  12.3699999 12.3699999 
value: -3.51660156 -0.03125  -0.03125 -0.03125 0.015625 -0.0184288491 
extreme: 12.3699999 12.3699999  12.3699999 12.3699999 
value: -3.51708984 0.0078125  -0.00390625 0.0009765625 -0.0009765625 -0.000910876843 
extreme: 12.3699999 12.3699999  12.3699999 12.3699999 
value: -3.51709747 0.00390625  -0.001953125 0.00048828125 -0.00048828125 -0.00241123978 
extreme: 12.3700008 12.3699999  12.3700008 12.3699999 
8
time: 0.039291213685value: 0.125 0.5  -0.5 -0.5 1 -6.94516897 
extreme: 50.0009956 50.0009956  50.0009956 50.0009956 
value: -1 2  -2 1 0 -6.32463455 
extreme: 50.0010033 50.0010033  50.0010033 50.0010033 
value: -3 1  1 -2 -1 -5.83103752 
extreme: 50.0009995 50.0009995  50.0009995 50.0009995 
value: -5 0.75  -3 -3 0.5 -2.48766971 
extreme: 50.0009995 50.0009995  50.0009995 50.0009995 
value: -7 0.625  0 0 0.75 -0.21880357 
extreme: 50.0009995 50.0009995  50.0009995 50.0009995 
value: -7.0625 0  0.25 -0.125 0.125 -0.168356016 
extreme: 50.0009995 50.0009995  50.0009995 50.0009995 
value: -7.0703125 0.0625  0.0625 -0.03125 -0.03125 -0.043766737 
extreme: 50.0009995 50.0009995  50.0009995 50.0009995 
value: -7.07080078 0.06640625  -0.015625 -0.0078125 0.0078125 -0.000557582127 
extreme: 50.0009995 50.0009995  50.0009995 50.0009995 
value: -7.07104492 0.03125  -0.017578125 0.00390625 0.00390625 -0.00276446552 
extreme: 50.0009995 50.0009995  50.0009995 50.0009995 
value: -7.07110596 -0.015625  -0.0078125 -0.00390625 0.001953125 -0.0116745522 
extreme: 50.0009995 50.0009995  50.0009995 50.0009995 
value: -7.07113647 0.00390625  -0.001953125 -0.001953125 0.00244140625 -0.000329849718 
extreme: 50.0010033 50.0009995  50.0010033 50.0010033 
value: -7.07113838 0.0009765625  -0.0009765625 0.000244140625 0.000122070312 -3.66858076e-05 
extreme: 50.0009995 50.0009995  50.0010033 50.0009995 
12
time: 0.071032
value: 0.125 0.5  -0.5 -0.5 1 -9.91288948 
extreme: 100.031006 100.031006  100.031006 100.031006 
value: -1 2  -2 1 0 -9.48846626 
extreme: 100.030991 100.030991  100.030991 100.030991 
value: -3 1  1 -2 -1 -9.16684246 
extreme: 100.030998 100.030998  100.030998 100.030998 
value: -5 0.75  -3 -3 0.5 -7.49789953 
extreme: 100.030998 100.030998  100.030998 100.030998 
value: -7 0.625  0 0 2 -6.82937574 
extreme: 100.030998 100.030998  100.030998 100.030998 
value: -9 0.5625  0.5 -4 -1.5 -0.46324265 
extreme: 100.030998 100.030998  100.030998 100.030998 
value: -10 0  -0.125 0.0625 0.0625 -0.0869626328 
extreme: 100.030998 100.030998  100.030998 100.030998 
value: -10.0009766 -0.0625  0.0625 -0.03125 -0.03125 -0.0412573777 
extreme: 100.030998 100.030998  100.030998 100.030998 
value: -10.0014648 -0.03125  -0.015625 -0.015625 -0.0078125 -0.0132325478 
extreme: 100.030998 100.030998  100.030998 100.030998 
value: -10.0015259 -0.015625  0.0078125 0.0078125 -0.009765625 -0.00430292916 
extreme: 100.030998 100.030991  100.030998 100.030991 
10
time: 0.05304
value: 0.125 0.5  -0.5 -0.5 1 -22.3211861 
extreme: 500.000977 500.000977  500.000977 500.000977 
value: -1 2  -2 1 0 -22.1359653 
extreme: 500.000977 500.000977  500.000977 500.000977 
value: -3 1  1 -2 -1 -22.0000229 
extreme: 500.001007 500.001007  500.001007 500.001007 
value: -5 0.75  -3 -3 0.5 -21.3585701 
extreme: 500.001007 500.001007  500.001007 500.001007 
value: -7 0.625  0 0 2 -21.1331577 
extreme: 500.000977 500.000977  500.000977 500.000977 
value: -9 0.5625  0.5 -4 -2 -19.9608269 
extreme: 500.001007 500.001007  500.001007 500.001007 
value: -11 0.53125  -4 0.5 -0.5 -19.0320454 
extreme: 500.000977 500.000977  500.000977 500.000977 
value: -13 0.515625  -2.5 0.75 1.5 -17.9352341 
extreme: 500.000977 500.000977  500.000977 500.000977 
value: -15 0.5078125  0.75 -0.25 -0.25 -16.5546265 
extreme: 500.001038 500.001038  500.001038 500.001038 
value: -17 1.5  -2.75 0.625 0.25 -14.1681108 
extreme: 500.000977 500.000977  500.000977 500.000977 
value: -19 1.25  -5 -0.125 -0.75 -10.5764065 
extreme: 500.001007 500.000977  500.001007 500.001007 
value: -21 1.125  0.25 0.875 -3 -6.9215064 
extreme: 500.001007 500.001007  500.001007 500.001007 
value: -22 3  0.375 0.9375 0.375 -2.41678381 
extreme: 500.001007 500.001007  500.001007 500.001007 
value: -22.25 1.375  0.4375 0.25 -1.5 -0.737542391 
extreme: 500.001007 500.001007  500.001007 500.001007 
value: -22.3125 1.1875  -0.25 -0.0625 0.4375 -0.696688592 
extreme: 500.001007 500.001007  500.001007 500.001007 
value: -22.34375 0.50390625  0.40625 0.5625 0.125 -0.0827291757 
extreme: 500.001007 500.000977  500.001007 500.000977 
16
time: 0.087145

done
