-47.111232757568359 -53.000000000000000 -52.018554687500000 -47.999900817871094 -54.000000000000000 -53.000000000000000 0.000000029802322 
-44.166782379150391 -53.000000000000000 -52.018554687500000 -44.999900817871094 -54.000000000000000 -53.000000000000000 0.000000029802322 
-43.185298919677734 -53.000000000000000 -52.018554687500000 -43.999900817871094 -54.000000000000000 -53.000000000000000 0.000000029802322 
-41.250011444091797 -55.000000000000000 -54.017822265625000 -41.999885559082031 -56.000000000000000 -55.000000000000000 0.000000014901161 
-40.267868041992188 -55.000000000000000 -54.017822265625000 -40.999885559082031 -56.000000000000000 -55.000000000000000 0.000000014901161 
-39.285724639892578 -55.000000000000000 -54.017822265625000 -39.999885559082031 -56.000000000000000 -55.000000000000000 0.000000014901161 
-37.321437835693359 -55.000000000000000 -54.017822265625000 -37.999885559082031 -56.000000000000000 -55.000000000000000 0.000000014901161 
-36.339294433593750 -55.000000000000000 -54.017822265625000 -36.999885559082031 -56.000000000000000 -55.000000000000000 0.000000014901161 
-34.351955413818359 -53.000000000000000 -52.018554687500000 -34.999900817871094 -54.000000000000000 -53.000000000000000 0.000000029802322 
-33.370471954345703 -53.000000000000000 -52.018554687500000 -33.999900817871094 -54.000000000000000 -53.000000000000000 0.000000029802322 
-32.430942535400391 -57.000000000000000 -56.017333984375000 -32.999816894531250 -58.000000000000000 -57.000000000000000 0.000000007450581 
-31.333677291870117 -47.000000000000000 -46.021484375000000 -31.999961853027344 -48.000000000000000 -47.000000000000000 0.000000238418579
-29.287084579467773 -41.000000000000000 -40.023437500000000 -29.999980926513672 -42.000000000000000 -41.000000000000000 0.000001907348633 
-27.481620788574219 -53.000000000000000 -52.018554687500000 -27.999946594238281 -54.000000000000000 -53.000000000000000 0.000000029802322 
-25.435384750366211 -45.000000000000000 -44.021484375000000 -25.999954223632812 -46.000000000000000 -45.000000000000000 0.000000476837158 
-25.435384750366211 -45.000000000000000 -44.021484375000000 -25.999954223632812 -46.000000000000000 -45.000000000000000 0.000000476837158 
-21.321205139160156 -31.000000000000000 -30.031250000000000 -21.999992370605469 -32.000000000000000 -31.000000000000000 0.000061035156250 
-20.311511993408203 -29.000000000000000 -28.031250000000000 -20.999984741210938 -30.000000000000000 -29.000000000000000 0.000122070312500 
-17.504062652587891 -35.000000000000000 -34.031250000000000 -17.999998092651367 -36.000000000000000 -35.000000000000000 0.000015258789062 
-15.289350509643555 -21.000000000000000 -20.000000000000000 -15.999755859375000 -22.000000000000000 -21.000000000000000 0.001953125000000 
-14.371156692504883 -23.000000000000000 -22.000000000000000 -14.999877929687500 -24.000000000000000 -23.000000000000000 0.000976562500000 
-13.594203948974609 -33.000000000000000 -32.031250000000000 -13.999996185302734 -34.000000000000000 -33.000000000000000 0.000030517578125 
-12.456027030944824 -23.000000000000000 -22.000000000000000 -12.999877929687500 -24.000000000000000 -23.000000000000000 0.000976562500000 
-10.419434547424316 -15.000000000000000 -14.000000000000000 -10.998046875000000 -16.000000000000000 -15.000000000000000 0.015625000000000 
-7.574779510498047 -11.000000000000000 -10.000000000000000 -7.999023437500000 -12.000000000000000 -11.000000000000000 0.062500000000000 
-6.655345439910889 -11.000000000000000 -10.000000000000000 -6.999023437500000 -12.000000000000000 -11.000000000000000 0.062500000000000 
-5.732691764831543 -13.000000000000000 -12.000000000000000 -5.999511718750000 -14.000000000000000 -13.000000000000000 0.031250000000000 
-4.818650245666504 -11.000000000000000 -10.000000000000000 -4.999023437500000 -12.000000000000000 -11.000000000000000 0.062500000000000 
-2.897410631179810 -19.000000000000000 -18.000000000000000 -2.999938964843750 -20.000000000000000 -19.000000000000000 0.003906250000000 
-1.039243817329407 -13.000000000000000 -12.000000000000000 -0.999511718750000 -14.000000000000000 -13.000000000000000 0.015625000000000 
-1.458384513854980 -1.000000000000000 -2.000000000000000 0.031250000000000 -2.000000000000000 -1.000000000000000 4.000000000000000 
1.380525469779968 -5.000000000000000 -4.000000000000000 2.100585937500000 -6.000000000000000 -5.000000000000000 0.125000000000000 
2.699628829956055 -13.000000000000000 -12.000000000000000 3.100002288818359 -14.000000000000000 -13.000000000000000 0.031250000000000 
3.029504299163818 -7.000000000000000 -6.000000000000000 4.100097656250000 -8.000000000000000 -7.000000000000000 0.250000000000000 
3.878428697586060 -7.000000000000000 -6.000000000000000 5.100097656250000 -8.000000000000000 -7.000000000000000 0.250000000000000 
5.080179214477539 -9.000000000000000 -8.000000000000000 6.100036621093750 -10.000000000000000 -9.000000000000000 0.125000000000000 
6.612828731536865 -17.000000000000000 -16.000000000000000 7.100001335144043 -18.000000000000000 -17.000000000000000 0.007812500000000 
7.317425251007080 -13.000000000000000 -12.000000000000000 8.100002288818359 -14.000000000000000 -13.000000000000000 0.031250000000000 
8.580047607421875 -19.000000000000000 -18.000000000000000 9.100021362304688 -20.000000000000000 -19.000000000000000 0.003906250000000 
9.661574363708496 -23.000000000000000 -22.000000000000000 10.100009918212891 -24.000000000000000 -23.000000000000000 0.000976562500000
10.760087013244629 -25.000000000000000 -24.062500000000000 11.200042724609375 -26.000000000000000 -25.000000000000000 0.000488281250000
1.127513766288757 -7.000000000000000 -6.000000000000000 1.570068359375000 -8.000000000000000 -7.000000000000000 0.062500000000000 
0.661117613315582 -3.000000000000000 -2.000000000000000 1.585937500000000 -4.000000000000000 -3.000000000000000 0.250000000000000 
0.665173709392548 -3.000000000000000 -2.000000000000000 1.591796875000000 -4.000000000000000 -3.000000000000000 0.250000000000000 
0.639475822448730 -3.000000000000000 -2.000000000000000 1.554687500000000 -4.000000000000000 -3.000000000000000 0.250000000000000 
0.838430047035217 -5.000000000000000 -4.000000000000000 1.431640625000000 -6.000000000000000 -5.000000000000000 0.125000000000000 
0.849532008171082 -5.000000000000000 -4.000000000000000 1.445312500000000 -6.000000000000000 -5.000000000000000 0.125000000000000 
0.854289710521698 -5.000000000000000 -4.000000000000000 1.451171875000000 -6.000000000000000 -5.000000000000000 0.125000000000000 
1.280575156211853 -13.000000000000000 -12.000000000000000 1.460006713867188 -14.000000000000000 -13.000000000000000 0.007812500000000 
0.585302889347076 -3.000000000000000 -2.000000000000000 1.476562500000000 -4.000000000000000 -3.000000000000000 0.250000000000000 
1.163319826126099 -9.000000000000000 -8.000000000000000 1.480041503906250 -10.000000000000000 -9.000000000000000 0.031250000000000 
0.885904073715210 -5.000000000000000 -4.000000000000000 1.490112304687500 -6.000000000000000 -5.000000000000000 0.125000000000000 
1.080467700958252 -7.000000000000000 -6.000000000000000 1.515625000000000 -8.000000000000000 -7.000000000000000 0.062500000000000 
0.903442203998566 -5.000000000000000 -4.000000000000000 1.511718750000000 -6.000000000000000 -5.000000000000000 0.125000000000000 
0.911368250846863 -5.000000000000000 -4.000000000000000 1.521484375000000 -6.000000000000000 -5.000000000000000 0.125000000000000 
0.918501317501068 -5.000000000000000 -4.000000000000000 1.530273437500000 -6.000000000000000 -5.000000000000000 0.125000000000000 
0.876815021038055 -7.000000000000000 -6.000000000000000 1.280029296875000 -8.000000000000000 -7.000000000000000 0.062500000000000 
0.725769996643066 -5.000000000000000 -4.000000000000000 1.292968750000000 -6.000000000000000 -5.000000000000000 0.125000000000000 
0.894335627555847 -7.000000000000000 -6.000000000000000 1.300292968750000 -8.000000000000000 -7.000000000000000 0.062500000000000 
0.902752637863159 -7.000000000000000 -6.000000000000000 1.310028076171875 -8.000000000000000 -7.000000000000000 0.062500000000000 
1.020282268524170 -9.000000000000000 -8.000000000000000 1.320007324218750 -10.000000000000000 -9.000000000000000 0.031250000000000 
1.105340719223022 -11.000000000000000 -10.000000000000000 1.330001831054688 -12.000000000000000 -11.000000000000000 0.015625000000000 
1.114490270614624 -11.000000000000000 -10.000000000000000 1.340026855468750 -12.000000000000000 -11.000000000000000 0.015625000000000 
0.498420387506485 -3.000000000000000 -2.000000000000000 1.351562500000000 -4.000000000000000 -3.000000000000000 0.250000000000000 
0.506576478481293 -3.000000000000000 -2.000000000000000 1.363281250000000 -4.000000000000000 -3.000000000000000 0.250000000000000 
0.954622387886047 -7.000000000000000 -6.000000000000000 1.370025634765625 -8.000000000000000 -7.000000000000000 0.062500000000000 
0.649912178516388 -1.000000000000000 -1.250000000000000 1.406250000000000 -2.000000000000000 -1.000000000000000 0.500000000000000 
0.649912178516388 -1.000000000000000 -1.250000000000000 1.406250000000000 -2.000000000000000 -1.000000000000000 0.500000000000000 
0.649912178516388 -1.000000000000000 -1.250000000000000 1.406250000000000 -2.000000000000000 -1.000000000000000 0.500000000000000 
0.989312589168549 -7.000000000000000 -6.000000000000000 1.410156250000000 -8.000000000000000 -7.000000000000000 0.062500000000000 
0.420823931694031 -3.000000000000000 -2.000000000000000 1.240234375000000 -4.000000000000000 -3.000000000000000 0.250000000000000 
0.959449112415314 -9.000000000000000 -8.000000000000000 1.251953125000000 -10.000000000000000 -9.000000000000000 0.031250000000000 
0.966869294643402 -9.000000000000000 -8.000000000000000 1.260253906250000 -10.000000000000000 -9.000000000000000 0.031250000000000 
0.807780027389526 -7.000000000000000 -6.000000000000000 1.200195312500000 -8.000000000000000 -7.000000000000000 0.062500000000000 
0.400369435548782 -3.000000000000000 -2.000000000000000 1.210937500000000 -4.000000000000000 -3.000000000000000 0.250000000000000  
1.057121276855469 -5.000000000000000 -4.000000000000000 1.701171875000000 -6.000000000000000 -5.000000000000000 0.125000000000000 
0.767748475074768 -3.000000000000000 -2.000000000000000 1.740234375000000 -4.000000000000000 -3.000000000000000 0.250000000000000 
1.286329627037048 -7.000000000000000 -6.000000000000000 1.753906250000000 -8.000000000000000 -7.000000000000000 0.062500000000000 
1.413718223571777 -9.000000000000000 -8.000000000000000 1.760253906250000 -10.000000000000000 -9.000000000000000 0.031250000000000 
1.502195715904236 -7.000000000000000 -6.000000000000000 2.003906250000000 -8.000000000000000 -7.000000000000000 0.062500000000000 
1.516526222229004 -7.000000000000000 -6.000000000000000 2.020507812500000 -8.000000000000000 -7.000000000000000 0.062500000000000 
1.654712438583374 -9.000000000000000 -8.000000000000000 2.030014038085938 -10.000000000000000 -9.000000000000000 0.031250000000000 
1.534227848052979 -7.000000000000000 -6.000000000000000 2.041015625000000 -8.000000000000000 -7.000000000000000 0.062500000000000 
1.835981488227844 -13.000000000000000 -12.000000000000000 2.060001373291016 -14.000000000000000 -13.000000000000000 0.007812500000000 
0.999987721443176 -3.000000000000000 -2.000000000000000 2.078125000000000 -4.000000000000000 -3.000000000000000 0.250000000000000 
1.009349226951599 -3.000000000000000 -2.000000000000000 2.091796875000000 -4.000000000000000 -3.000000000000000 0.250000000000000 
1.380525469779968 -5.000000000000000 -4.000000000000000 2.100585937500000 -6.000000000000000 -5.000000000000000 0.125000000000000 
1.735098123550415 -9.000000000000000 -8.000000000000000 2.120010375976562 -10.000000000000000 -9.000000000000000 0.031250000000000
1.990448594093323 -11.000000000000000 -10.000000000000000 2.300018310546875 -12.000000000000000 -11.000000000000000 0.015625000000000 
1.904787540435791 -9.000000000000000 -8.000000000000000 2.310012817382812 -10.000000000000000 -9.000000000000000 0.031250000000000 
1.775016546249390 -7.000000000000000 -6.000000000000000 2.320068359375000 -8.000000000000000 -7.000000000000000 0.062500000000000 
1.783650994300842 -7.000000000000000 -6.000000000000000 2.330078125000000 -8.000000000000000 -7.000000000000000 0.062500000000000 
1.186715364456177 -3.000000000000000 -2.000000000000000 2.351562500000000 -4.000000000000000 -3.000000000000000 0.250000000000000 
1.809763669967651 -7.000000000000000 -6.000000000000000 2.360351562500000 -8.000000000000000 -7.000000000000000 0.062500000000000 
1.561579108238220 -7.000000000000000 -6.000000000000000 2.380859375000000 -8.000000000000000 -7.000000000000000 0.250000000000000 
1.569426536560059 -7.000000000000000 -6.000000000000000 2.390014648437500 -8.000000000000000 -7.000000000000000 0.250000000000000 
2.037864208221436 -5.000000000000000 -5.000000000000000 2.611328125000000 -6.000000000000000 -5.000000000000000 0.500000000000000 
1.992836475372314 -9.000000000000000 -8.000000000000000 2.620010375976562 -10.000000000000000 -9.000000000000000 0.125000000000000 
2.265014410018921 -13.000000000000000 -12.000000000000000 2.630004882812500 -14.000000000000000 -13.000000000000000 0.031250000000000 
1.322378277778625 -3.000000000000000 -3.000000000000000 2.652343750000000 -4.000000000000000 -3.000000000000000 1.000000000000000 
1.895266175270081 -7.000000000000000 -6.000000000000000 2.770507812500000 -8.000000000000000 -7.000000000000000 0.250000000000000 
1.420812964439392 -3.000000000000000 -3.000000000000000 2.781250000000000 -4.000000000000000 -3.000000000000000 1.000000000000000 
2.320198774337769 -11.000000000000000 -10.000000000000000 2.810005187988281 -12.000000000000000 -11.000000000000000 0.062500000000000 
2.440719366073608 -13.000000000000000 -12.000000000000000 2.820001602172852 -14.000000000000000 -13.000000000000000 0.031250000000000 
2.179727077484131 -9.000000000000000 -8.000000000000000 2.830017089843750 -10.000000000000000 -9.000000000000000 0.125000000000000 
2.188687562942505 -9.000000000000000 -8.000000000000000 2.840087890625000 -10.000000000000000 -9.000000000000000 0.125000000000000 
2.468461990356445 -13.000000000000000 -12.000000000000000 2.850002288818359 -14.000000000000000 -13.000000000000000 0.031250000000000 
1.972121119499207 -7.000000000000000 -6.000000000000000 2.860351562500000 -8.000000000000000 -7.000000000000000 0.250000000000000 
2.215309381484985 -9.000000000000000 -8.000000000000000 2.870010375976562 -10.000000000000000 -9.000000000000000 0.125000000000000 
2.322065830230713 -9.000000000000000 -8.000000000000000 2.990020751953125 -10.000000000000000 -9.000000000000000 0.125000000000000 
2.607614755630493 -13.000000000000000 -12.000000000000000 3.000488281250000 -14.000000000000000 -13.000000000000000 0.031250000000000 
2.340061902999878 -9.000000000000000 -8.000000000000000 3.010253906250000 -10.000000000000000 -9.000000000000000 0.125000000000000 
2.109045267105103 -7.000000000000000 -6.000000000000000 3.020507812500000 -8.000000000000000 -7.000000000000000 0.250000000000000 
1.693399548530579 -3.000000000000000 -3.000000000000000 3.140625000000000 -4.000000000000000 -3.000000000000000 1.000000000000000 
1.693399548530579 -3.000000000000000 -3.000000000000000 3.140625000000000 -4.000000000000000 -3.000000000000000 1.000000000000000 
2.629781484603882 -11.000000000000000 -10.000000000000000 3.150009155273438 -12.000000000000000 -11.000000000000000 0.062500000000000 
2.228355407714844 -7.000000000000000 -6.000000000000000 3.160156250000000 -8.000000000000000 -7.000000000000000 0.250000000000000 
2.237112998962402 -7.000000000000000 -6.000000000000000 3.170410156250000 -8.000000000000000 -7.000000000000000 0.250000000000000 
2.262549400329590 -7.000000000000000 -6.000000000000000 3.200195312500000 -8.000000000000000 -7.000000000000000 0.250000000000000 
2.684414386749268 -11.000000000000000 -10.000000000000000 3.210021972656250 -12.000000000000000 -11.000000000000000 0.062500000000000 
1.768498659133911 -3.000000000000000 -3.000000000000000 3.240234375000000 -4.000000000000000 -3.000000000000000 1.000000000000000 
2.837641000747681 -9.000000000000000 -8.000000000000000 3.570007324218750 -10.000000000000000 -9.000000000000000 0.125000000000000 
2.586673974990845 -7.000000000000000 -6.000000000000000 3.580078125000000 -8.000000000000000 -7.000000000000000 0.250000000000000 
2.907136678695679 -5.000000000000000 -5.000000000000000 3.590820312500000 -6.000000000000000 -5.000000000000000 0.500000000000000 
2.864319324493408 -9.000000000000000 -8.000000000000000 3.600036621093750 -10.000000000000000 -9.000000000000000 0.125000000000000 
2.873266220092773 -9.000000000000000 -8.000000000000000 3.610107421875000 -10.000000000000000 -9.000000000000000 0.125000000000000 
1.981007695198059 -3.000000000000000 -3.000000000000000 3.523437500000000 -4.000000000000000 -3.000000000000000 1.000000000000000 
3.097171306610107 -13.000000000000000 -12.000000000000000 3.530002593994141 -14.000000000000000 -13.000000000000000 0.031250000000000 
2.984763383865356 -11.000000000000000 -10.000000000000000 3.540008544921875 -12.000000000000000 -11.000000000000000 0.062500000000000 
3.269366979598999 -19.000000000000000 -18.000000000000000 3.500061035156250 -20.000000000000000 -19.000000000000000 0.003906250000000 
3.157658815383911 -11.000000000000000 -10.000000000000000 3.730010986328125 -12.000000000000000 -11.000000000000000 0.062500000000000 
3.039305686950684 -5.000000000000000 -5.000000000000000 3.740112304687500 -6.000000000000000 -5.000000000000000 0.500000000000000 
3.054970502853394 -5.000000000000000 -5.000000000000000 3.757812500000000 -6.000000000000000 -5.000000000000000 0.500000000000000 
3.184953689575195 -11.000000000000000 -10.000000000000000 3.760009765625000 -12.000000000000000 -11.000000000000000 0.062500000000000 
3.015305042266846 -9.000000000000000 -8.000000000000000 3.770019531250000 -10.000000000000000 -9.000000000000000 0.125000000000000 
3.024181127548218 -9.000000000000000 -8.000000000000000 3.780014038085938 -10.000000000000000 -9.000000000000000 0.125000000000000 
3.337504386901855 -13.000000000000000 -12.000000000000000 3.790000915527344 -14.000000000000000 -13.000000000000000 0.031250000000000 
2.859348535537720 -7.000000000000000 -6.000000000000000 3.900146484375000 -8.000000000000000 -7.000000000000000 0.250000000000000 
3.321417331695557 -11.000000000000000 -10.000000000000000 3.910003662109375 -12.000000000000000 -11.000000000000000 0.062500000000000 
3.457672357559204 -13.000000000000000 -12.000000000000000 3.920013427734375 -14.000000000000000 -13.000000000000000 0.031250000000000 
3.157517433166504 -9.000000000000000 -8.000000000000000 3.930175781250000 -10.000000000000000 -9.000000000000000 0.125000000000000 
3.220839738845825 -5.000000000000000 -5.000000000000000 3.945312500000000 -6.000000000000000 -5.000000000000000 0.500000000000000 
2.901952743530273 -7.000000000000000 -6.000000000000000 3.950195312500000 -8.000000000000000 -7.000000000000000 0.250000000000000 
3.201787233352661 -9.000000000000000 -8.000000000000000 3.980041503906250 -10.000000000000000 -9.000000000000000 0.125000000000000 
3.210646152496338 -9.000000000000000 -8.000000000000000 3.990020751953125 -10.000000000000000 -9.000000000000000 0.125000000000000 
3.221238613128662 -9.000000000000000 -8.000000000000000 4.001953125000000 -10.000000000000000 -9.000000000000000 0.125000000000000 
3.288188695907593 -5.000000000000000 -5.000000000000000 4.021484375000000 -6.000000000000000 -5.000000000000000 0.500000000000000 
3.246147632598877 -9.000000000000000 -8.000000000000000 4.030014038085938 -10.000000000000000 -9.000000000000000 0.125000000000000 
3.577811717987061 -13.000000000000000 -12.000000000000000 4.050003051757812 -14.000000000000000 -13.000000000000000 0.031250000000000 
3.281646490097046 -9.000000000000000 -8.000000000000000 4.070007324218750 -10.000000000000000 -9.000000000000000 0.125000000000000 
3.012474298477173 -7.000000000000000 -6.000000000000000 4.080078125000000 -8.000000000000000 -7.000000000000000 0.250000000000000 
3.708013296127319 -15.000000000000000 -14.000000000000000 4.090003967285156 -16.000000000000000 -15.000000000000000 0.015625000000000 
3.029504299163818 -7.000000000000000 -6.000000000000000 4.100097656250000 -8.000000000000000 -7.000000000000000 0.250000000000000 
3.633274555206299 -13.000000000000000 -12.000000000000000 4.110015869140625 -14.000000000000000 -13.000000000000000 0.031250000000000 
3.744159936904907 -13.000000000000000 -12.000000000000000 4.230003356933594 -14.000000000000000 -13.000000000000000 0.031250000000000 
3.432524442672729 -9.000000000000000 -8.000000000000000 4.240020751953125 -10.000000000000000 -9.000000000000000 0.125000000000000 
3.578943252563477 -5.000000000000000 -5.000000000000000 4.350585937500000 -6.000000000000000 -5.000000000000000 0.500000000000000 
4.179858207702637 -19.000000000000000 -18.000000000000000 4.460000514984131 -20.000000000000000 -19.000000000000000 0.003906250000000 
3.636733055114746 -9.000000000000000 -8.000000000000000 4.470214843750000 -10.000000000000000 -9.000000000000000 0.125000000000000 
3.975175857543945 -13.000000000000000 -12.000000000000000 4.480003356933594 -14.000000000000000 -13.000000000000000 0.031250000000000 
3.876198530197144 -11.000000000000000 -10.000000000000000 4.520004272460938 -12.000000000000000 -11.000000000000000 0.062500000000000 
4.021375179290771 -13.000000000000000 -12.000000000000000 4.530002593994141 -14.000000000000000 -13.000000000000000 0.031250000000000 
4.210285186767578 -17.000000000000000 -16.000000000000000 4.550010681152344 -18.000000000000000 -17.000000000000000 0.007812500000000 
0.630534052848816 4.870117187500000 -3.125000000000000 -3.000000000000000 -3.000000000000000 -3.000000000000000 32.000000000000000 
3.406963825225830 4.880065917968750 8.000000000000000 -25.000000000000000 -25.000000000000000 -25.000000000000000 11.000000000000000 
4.150055885314941 4.890013694763184 3.937500000000000 -37.000000000000000 -37.000000000000000 -37.000000000000000 0.500000000000000 
-1.690466284751892 5.218750000000000 -3.000000000000000 -1.000000000000000 -1.000000000000000 -1.000000000000000 39.000000000000000 
-1.690466284751892 5.218750000000000 -3.000000000000000 -1.000000000000000 -1.000000000000000 -1.000000000000000 39.000000000000000 
0.201190680265427 5.220092773437500 -2.250000000000000 -11.000000000000000 -11.000000000000000 -11.000000000000000 29.000000000000000 
-1.593408346176147 5.230102539062500 -2.000000000000000 -7.000000000000000 -7.000000000000000 -7.000000000000000 33.000000000000000
4.978826522827148 -15.000000000000000 -14.000000000000000 5.450000762939453 -16.000000000000000 -15.000000000000000 0.015625000000000 
5.067745685577393 -17.000000000000000 -16.000000000000000 5.460000991821289 -18.000000000000000 -17.000000000000000 0.007812500000000 
4.739679336547852 -11.000000000000000 -10.000000000000000 5.470092773437500 -12.000000000000000 -11.000000000000000 0.062500000000000 
4.748689651489258 -11.000000000000000 -10.000000000000000 5.480010986328125 -12.000000000000000 -11.000000000000000 0.062500000000000 
5.096014022827148 -17.000000000000000 -16.000000000000000 5.490002632141113 -18.000000000000000 -17.000000000000000 0.007812500000000 
4.550961017608643 -9.000000000000000 -8.000000000000000 5.501953125000000 -10.000000000000000 -9.000000000000000 0.125000000000000 
4.775941848754883 -11.000000000000000 -10.000000000000000 5.510009765625000 -12.000000000000000 -11.000000000000000 0.062500000000000 
5.124289035797119 -17.000000000000000 -16.000000000000000 5.520011901855469 -18.000000000000000 -17.000000000000000 0.007812500000000 
5.286218166351318 -23.000000000000000 -22.000000000000000 5.530008316040039 -24.000000000000000 -23.000000000000000 0.000976562500000 
4.584677219390869 -9.000000000000000 -8.000000000000000 5.540039062500000 -10.000000000000000 -9.000000000000000 0.125000000000000 
5.314940452575684 -23.000000000000000 -22.000000000000000 5.560008049011230 -24.000000000000000 -23.000000000000000 0.000976562500000 
5.171394348144531 -17.000000000000000 -16.000000000000000 5.570006370544434 -18.000000000000000 -17.000000000000000 0.007812500000000 
4.620066642761230 -9.000000000000000 -8.000000000000000 5.580017089843750 -10.000000000000000 -9.000000000000000 0.125000000000000 
5.251578807830811 -19.000000000000000 -18.000000000000000 5.590005874633789 -20.000000000000000 -19.000000000000000 0.003906250000000 
4.957624435424805 -11.000000000000000 -10.000000000000000 5.710021972656250 -12.000000000000000 -11.000000000000000 0.062500000000000 
5.312718868255615 -17.000000000000000 -16.000000000000000 5.720000743865967 -18.000000000000000 -17.000000000000000 0.007812500000000 
4.975779533386230 -11.000000000000000 -10.000000000000000 5.730010986328125 -12.000000000000000 -11.000000000000000 0.062500000000000 
4.788226604461670 -9.000000000000000 -8.000000000000000 5.770019531250000 -10.000000000000000 -9.000000000000000 0.125000000000000 
4.805941581726074 -9.000000000000000 -8.000000000000000 5.790039062500000 -10.000000000000000 -9.000000000000000 0.125000000000000 
5.194502353668213 -13.000000000000000 -12.000000000000000 5.800003051757812 -14.000000000000000 -13.000000000000000 0.031250000000000 
5.460225105285645 -19.000000000000000 -18.000000000000000 5.810009002685547 -20.000000000000000 -19.000000000000000 0.003906250000000 
5.212971210479736 -13.000000000000000 -12.000000000000000 5.820002555847168 -14.000000000000000 -13.000000000000000 0.031250000000000 
5.240675926208496 -13.000000000000000 -12.000000000000000 5.850004196166992 -14.000000000000000 -13.000000000000000 0.031250000000000 
5.602165222167969 -23.000000000000000 -22.000000000000000 5.860005378723145 -24.000000000000000 -23.000000000000000 0.000976562500000 
5.221860408782959 -11.000000000000000 -10.000000000000000 6.000976562500000 -12.000000000000000 -11.000000000000000 0.062500000000000 
5.511325836181641 -15.000000000000000 -14.000000000000000 6.020001411437988 -16.000000000000000 -15.000000000000000 0.015625000000000 
5.248220920562744 -11.000000000000000 -10.000000000000000 6.030006408691406 -12.000000000000000 -11.000000000000000 0.062500000000000 
5.539350509643555 -15.000000000000000 -14.000000000000000 6.050002098083496 -16.000000000000000 -15.000000000000000 0.015625000000000 
5.044780254364014 -9.000000000000000 -8.000000000000000 6.060012817382812 -10.000000000000000 -9.000000000000000 0.125000000000000 
5.284538745880127 -11.000000000000000 -10.000000000000000 6.070003509521484 -12.000000000000000 -11.000000000000000 0.062500000000000 
5.453057765960693 -13.000000000000000 -12.000000000000000 6.080005645751953 -14.000000000000000 -13.000000000000000 0.031250000000000 
5.661322593688965 -17.000000000000000 -16.000000000000000 6.090003013610840 -18.000000000000000 -17.000000000000000 0.007812500000000 
5.080179214477539 -9.000000000000000 -8.000000000000000 6.100036621093750 -10.000000000000000 -9.000000000000000 0.125000000000000 
5.508456707000732 -13.000000000000000 -12.000000000000000 6.140004158020020 -14.000000000000000 -13.000000000000000 0.031250000000000 
5.898966789245605 -23.000000000000000 -22.000000000000000 6.170006752014160 -24.000000000000000 -23.000000000000000 0.000976562500000 
5.755550384521484 -17.000000000000000 -16.000000000000000 6.190017700195312 -18.000000000000000 -17.000000000000000 0.007812500000000 
5.411669254302979 -11.000000000000000 -10.000000000000000 6.210021972656250 -12.000000000000000 -11.000000000000000 0.062500000000000 
5.186456680297852 -9.000000000000000 -8.000000000000000 6.220214843750000 -10.000000000000000 -9.000000000000000 0.125000000000000 
5.793227672576904 -17.000000000000000 -16.000000000000000 6.230009078979492 -18.000000000000000 -17.000000000000000 0.007812500000000 
5.821491241455078 -17.000000000000000 -16.000000000000000 6.260008811950684 -18.000000000000000 -17.000000000000000 0.007812500000000 
5.628488540649414 -13.000000000000000 -12.000000000000000 6.270008087158203 -14.000000000000000 -13.000000000000000 0.031250000000000 
7.105304718017578 -23.000000000000000 -22.000000000000000 7.430001258850098 -24.000000000000000 -23.000000000000000 0.000976562500000 
8.129743576049805 -23.000000000000000 -22.000000000000000 8.500015258789062 -24.000000000000000 -23.000000000000000 0.000976562500000 
20.248380661010742 -29.000000000000000 -28.031250000000000 20.960025787353516 -30.000000000000000 -29.000000000000000 0.000122070312500 
20.258049011230469 -29.000000000000000 -28.031250000000000 20.970027923583984 -30.000000000000000 -29.000000000000000 0.000122070312500
7.869519710540771 -11.000000000000000 -10.000000000000000 8.920043945312500 -12.000000000000000 -11.000000000000000 0.062500000000000 
8.228812217712402 -15.000000000000000 -14.000000000000000 8.930007934570312 -16.000000000000000 -15.000000000000000 0.015625000000000 
8.238142013549805 -15.000000000000000 -14.000000000000000 8.940002441406250 -16.000000000000000 -15.000000000000000 0.015625000000000
8.477828979492188 -17.000000000000000 -16.000000000000000 9.080003738403320 -18.000000000000000 -17.000000000000000 0.007812500000000 
8.378173828125000 -15.000000000000000 -14.000000000000000 9.090003967285156 -16.000000000000000 -15.000000000000000 0.015625000000000 
8.350167274475098 -15.000000000000000 -14.000000000000000 9.060003280639648 -16.000000000000000 -15.000000000000000 0.015625000000000 
20.644672393798828 -29.000000000000000 -28.031250000000000 21.370048522949219 -30.000000000000000 -29.000000000000000 0.000122070312500 
20.703231811523438 -31.000000000000000 -30.031250000000000 21.380023956298828 -32.000000000000000 -31.000000000000000 0.000061035156250 
20.866989135742188 -29.000000000000000 -28.031250000000000 21.600067138671875 -30.000000000000000 -29.000000000000000 0.000122070312500 
20.926042556762695 -31.000000000000000 -30.031250000000000 21.610038757324219 -32.000000000000000 -31.000000000000000 0.000061035156250 
20.886301040649414 -29.000000000000000 -28.031250000000000 21.620048522949219 -30.000000000000000 -29.000000000000000 0.000122070312500 
21.026981353759766 -35.000000000000000 -34.031250000000000 21.630050659179688 -36.000000000000000 -35.000000000000000 0.000015258789062 
20.998275756835938 -33.000000000000000 -32.031250000000000 21.640060424804688 -34.000000000000000 -33.000000000000000 0.000030517578125 
20.934614181518555 -29.000000000000000 -28.031250000000000 21.670036315917969 -30.000000000000000 -29.000000000000000 0.000122070312500 
20.982965469360352 -29.000000000000000 -28.031250000000000 21.720062255859375 -30.000000000000000 -29.000000000000000 0.000122070312500 
21.155393600463867 -37.000000000000000 -36.023437500000000 21.730045318603516 -38.000000000000000 -37.000000000000000 0.000007629394531
8.854542732238770 -17.000000000000000 -16.000000000000000 9.480001449584961 -18.000000000000000 -17.000000000000000 0.007812500000000 
8.761124610900879 -15.000000000000000 -14.000000000000000 9.500244140625000 -16.000000000000000 -15.000000000000000 0.015625000000000 
8.901633262634277 -17.000000000000000 -16.000000000000000 9.530004501342773 -18.000000000000000 -17.000000000000000 0.007812500000000 
8.911047935485840 -17.000000000000000 -16.000000000000000 9.540000915527344 -18.000000000000000 -17.000000000000000 0.007812500000000 
9.172932624816895 -25.000000000000000 -24.062500000000000 9.550014495849609 -26.000000000000000 -25.000000000000000 0.000488281250000 
8.929890632629395 -17.000000000000000 -16.000000000000000 9.560009002685547 -18.000000000000000 -17.000000000000000 0.007812500000000 
8.939334869384766 -17.000000000000000 -16.000000000000000 9.570037841796875 -18.000000000000000 -17.000000000000000 0.007812500000000 
8.948719978332520 -17.000000000000000 -16.000000000000000 9.580002784729004 -18.000000000000000 -17.000000000000000 0.007812500000000 
8.844909667968750 -15.000000000000000 -14.000000000000000 9.590003967285156 -16.000000000000000 -15.000000000000000 0.015625000000000 
9.054120063781738 -19.000000000000000 -18.000000000000000 9.600013732910156 -20.000000000000000 -19.000000000000000 0.003906250000000  
8.882245063781738 -15.000000000000000 -14.000000000000000 9.630002975463867 -16.000000000000000 -15.000000000000000 0.015625000000000 
9.005230903625488 -17.000000000000000 -16.000000000000000 9.640008926391602 -18.000000000000000 -17.000000000000000 0.007812500000000 
9.101521492004395 -19.000000000000000 -18.000000000000000 9.650007247924805 -20.000000000000000 -19.000000000000000 0.003906250000000 
9.111000061035156 -19.000000000000000 -18.000000000000000 9.660003662109375 -20.000000000000000 -19.000000000000000 0.003906250000000 
9.249896049499512 -23.000000000000000 -22.000000000000000 9.670011520385742 -24.000000000000000 -23.000000000000000 0.000976562500000 
8.928920745849609 -15.000000000000000 -14.000000000000000 9.680007934570312 -16.000000000000000 -15.000000000000000 0.015625000000000 
9.052326202392578 -17.000000000000000 -16.000000000000000 9.690017700195312 -18.000000000000000 -17.000000000000000 0.007812500000000 
8.947587966918945 -15.000000000000000 -14.000000000000000 9.700006484985352 -16.000000000000000 -15.000000000000000 0.015625000000000 
8.480856895446777 -15.000000000000000 -14.000000000000000 9.200000762939453 -16.000000000000000 -15.000000000000000 0.015625000000000 
8.600260734558105 -17.000000000000000 -16.000000000000000 9.210000991821289 -18.000000000000000 -17.000000000000000 0.007812500000000 
8.609693527221680 -17.000000000000000 -16.000000000000000 9.220016479492188 -18.000000000000000 -17.000000000000000 0.007812500000000 
8.619102478027344 -17.000000000000000 -16.000000000000000 9.230007171630859 -18.000000000000000 -17.000000000000000 0.007812500000000 
8.628525733947754 -17.000000000000000 -16.000000000000000 9.240013122558594 -18.000000000000000 -17.000000000000000 0.007812500000000 
8.884354591369629 -25.000000000000000 -24.062500000000000 9.250007629394531 -26.000000000000000 -25.000000000000000 0.000488281250000 
8.536870956420898 -15.000000000000000 -14.000000000000000 9.260005950927734 -16.000000000000000 -15.000000000000000 0.015625000000000 
8.675609588623047 -17.000000000000000 -16.000000000000000 9.290006637573242 -18.000000000000000 -17.000000000000000 0.007812500000000 
8.574214935302734 -15.000000000000000 -14.000000000000000 9.300010681152344 -16.000000000000000 -15.000000000000000 0.015625000000000 
8.694445610046387 -17.000000000000000 -16.000000000000000 9.310007095336914 -18.000000000000000 -17.000000000000000 0.007812500000000 
8.961345672607422 -25.000000000000000 -24.062500000000000 9.330047607421875 -26.000000000000000 -25.000000000000000 0.000488281250000 
8.970933914184570 -25.000000000000000 -24.062500000000000 9.340015411376953 -26.000000000000000 -25.000000000000000 0.000488281250000 
8.732123374938965 -17.000000000000000 -16.000000000000000 9.350013732910156 -18.000000000000000 -17.000000000000000 0.007812500000000 
8.741532325744629 -17.000000000000000 -16.000000000000000 9.360004425048828 -18.000000000000000 -17.000000000000000 0.007812500000000 
8.962681770324707 -23.000000000000000 -22.000000000000000 9.370016098022461 -24.000000000000000 -23.000000000000000 0.000976562500000 
8.044585227966309 -17.000000000000000 -16.000000000000000 8.620004653930664 -18.000000000000000 -17.000000000000000 0.007812500000000 
8.054002761840820 -17.000000000000000 -16.000000000000000 8.630002975463867 -18.000000000000000 -17.000000000000000 0.007812500000000 
8.072841644287109 -17.000000000000000 -16.000000000000000 8.650005340576172 -18.000000000000000 -17.000000000000000 0.007812500000000 
7.834012031555176 -13.000000000000000 -12.000000000000000 8.660001754760742 -14.000000000000000 -13.000000000000000 0.031250000000000 
8.336071014404297 -25.000000000000000 -24.062500000000000 8.680011749267578 -26.000000000000000 -25.000000000000000 0.000488281250000 
7.861740589141846 -13.000000000000000 -12.000000000000000 8.690063476562500 -14.000000000000000 -13.000000000000000 0.031250000000000 
8.119937896728516 -17.000000000000000 -16.000000000000000 8.700008392333984 -18.000000000000000 -17.000000000000000 0.007812500000000 
8.274394989013672 -21.000000000000000 -20.000000000000000 8.710010528564453 -22.000000000000000 -21.000000000000000 0.001953125000000 
8.417861938476562 -29.000000000000000 -28.031250000000000 8.720014572143555 -30.000000000000000 -29.000000000000000 0.000122070312500 
8.384169578552246 -25.000000000000000 -24.062500000000000 8.730014801025391 -26.000000000000000 -25.000000000000000 0.000488281250000 
8.446850776672363 -29.000000000000000 -28.031250000000000 8.750005722045898 -30.000000000000000 -29.000000000000000 0.000122070312500 
8.257770538330078 -19.000000000000000 -18.000000000000000 8.760131835937500 -20.000000000000000 -19.000000000000000 0.003906250000000 
8.079442024230957 -15.000000000000000 -14.000000000000000 8.770008087158203 -16.000000000000000 -15.000000000000000 0.015625000000000 
8.088779449462891 -15.000000000000000 -14.000000000000000 8.780010223388672 -16.000000000000000 -15.000000000000000 0.015625000000000 
8.098112106323242 -15.000000000000000 -14.000000000000000 8.790006637573242 -16.000000000000000 -15.000000000000000 0.015625000000000 
8.469367980957031 -27.000000000000000 -26.031250000000000 8.800033569335938 -28.000000000000000 -27.000000000000000 0.000244140625000 
20.374042510986328 -29.000000000000000 -28.031250000000000 21.090042114257812 -30.000000000000000 -29.000000000000000 0.000122070312500 
20.432031631469727 -31.000000000000000 -30.031250000000000 21.100051879882812 -32.000000000000000 -31.000000000000000 0.000061035156250 
20.483848571777344 -33.000000000000000 -32.031250000000000 21.110034942626953 -34.000000000000000 -33.000000000000000 0.000030517578125 
20.451396942138672 -31.000000000000000 -30.031250000000000 21.120044708251953 -32.000000000000000 -31.000000000000000 0.000061035156250 
7.807018756866455 -25.000000000000000 -24.062500000000000 8.130012512207031 -26.000000000000000 -25.000000000000000 0.000488281250000 
7.491244316101074 -15.000000000000000 -14.000000000000000 8.140005111694336 -16.000000000000000 -15.000000000000000 0.015625000000000 
7.500577926635742 -15.000000000000000 -14.000000000000000 8.150001525878906 -16.000000000000000 -15.000000000000000 0.015625000000000 
7.372778892517090 -13.000000000000000 -12.000000000000000 8.160001754760742 -14.000000000000000 -13.000000000000000 0.031250000000000 
7.630156040191650 -17.000000000000000 -16.000000000000000 8.180004119873047 -18.000000000000000 -17.000000000000000 0.007812500000000 
7.208061218261719 -11.000000000000000 -10.000000000000000 8.190185546875000 -12.000000000000000 -11.000000000000000 0.062500000000000 
7.915241718292236 -29.000000000000000 -28.031250000000000 8.200016021728516 -30.000000000000000 -29.000000000000000 0.000122070312500 
7.745617389678955 -19.000000000000000 -18.000000000000000 8.220005035400391 -20.000000000000000 -19.000000000000000 0.003906250000000 
7.903212547302246 -25.000000000000000 -24.062500000000000 8.230014801025391 -26.000000000000000 -25.000000000000000 0.000488281250000 
7.880819797515869 -23.000000000000000 -22.000000000000000 8.240016937255859 -24.000000000000000 -23.000000000000000 0.000976562500000 
7.696200847625732 -17.000000000000000 -16.000000000000000 8.250122070312500 -18.000000000000000 -17.000000000000000 0.007812500000000 
7.705512046813965 -17.000000000000000 -16.000000000000000 8.260007858276367 -18.000000000000000 -17.000000000000000 0.007812500000000 
7.474267005920410 -13.000000000000000 -12.000000000000000 8.270011901855469 -14.000000000000000 -13.000000000000000 0.031250000000000 
7.289482593536377 -11.000000000000000 -10.000000000000000 8.280006408691406 -12.000000000000000 -11.000000000000000 0.062500000000000 
7.492710590362549 -13.000000000000000 -12.000000000000000 8.290004730224609 -14.000000000000000 -13.000000000000000 0.031250000000000 
7.307622432708740 -11.000000000000000 -10.000000000000000 8.300018310546875 -12.000000000000000 -11.000000000000000 0.062500000000000 
7.649972915649414 -15.000000000000000 -14.000000000000000 8.310007095336914 -16.000000000000000 -15.000000000000000 0.015625000000000 
7.520416259765625 -13.000000000000000 -12.000000000000000 8.320037841796875 -14.000000000000000 -13.000000000000000 0.031250000000000 
7.529611587524414 -13.000000000000000 -12.000000000000000 8.330005645751953 -14.000000000000000 -13.000000000000000 0.031250000000000 
7.868888854980469 -19.000000000000000 -18.000000000000000 8.350008010864258 -20.000000000000000 -19.000000000000000 0.003906250000000 
7.828022003173828 -17.000000000000000 -16.000000000000000 8.390075683593750 -18.000000000000000 -17.000000000000000 0.007812500000000 
40.073875427246094 -53.000000000000000 -52.018554687500000 40.830169677734375 -54.000000000000000 -53.000000000000000 0.000000029802322 
40.093486785888672 -53.000000000000000 -52.018554687500000 40.850151062011719 -54.000000000000000 -53.000000000000000 0.000000029802322 
40.155681610107422 -57.000000000000000 -56.017333984375000 40.860198974609375 -58.000000000000000 -57.000000000000000 0.000000007450581 
40.113128662109375 -53.000000000000000 -52.018554687500000 40.870162963867188 -54.000000000000000 -53.000000000000000 0.000000029802322
30.187826156616211 -47.000000000000000 -46.021484375000000 30.830074310302734 -48.000000000000000 -47.000000000000000 0.000000238418579 
30.168804168701172 -45.000000000000000 -44.021484375000000 30.840065002441406 -46.000000000000000 -45.000000000000000 0.000000476837158 
30.113862991333008 -41.000000000000000 -40.023437500000000 30.850055694580078 -42.000000000000000 -41.000000000000000 0.000001907348633 
30.158000946044922 -43.000000000000000 -42.023437500000000 30.860050201416016 -44.000000000000000 -43.000000000000000 0.000000953674316 
30.133390426635742 -41.000000000000000 -40.023437500000000 30.870059967041016 -42.000000000000000 -41.000000000000000 0.000001907348633 
30.236774444580078 -47.000000000000000 -46.021484375000000 30.880062103271484 -48.000000000000000 -47.000000000000000 0.000000238418579 
30.246608734130859 -47.000000000000000 -46.021484375000000 30.890106201171875 -48.000000000000000 -47.000000000000000 0.000000238418579 
30.162668228149414 -41.000000000000000 -40.023437500000000 30.900051116943359 -42.000000000000000 -41.000000000000000 0.000001907348633 
30.206874847412109 -43.000000000000000 -42.023437500000000 30.910060882568359 -44.000000000000000 -43.000000000000000 0.000000953674316 
30.367799758911133 -55.000000000000000 -54.017822265625000 30.920082092285156 -56.000000000000000 -55.000000000000000 0.000000014901161 
30.236185073852539 -43.000000000000000 -42.023437500000000 30.940052032470703 -44.000000000000000 -43.000000000000000 0.000000953674316 
7.068315029144287 -13.000000000000000 -12.000000000000000 7.830000877380371 -14.000000000000000 -13.000000000000000 0.031250000000000 
6.890595912933350 -11.000000000000000 -10.000000000000000 7.840026855468750 -12.000000000000000 -11.000000000000000 0.062500000000000 
7.220458030700684 -15.000000000000000 -14.000000000000000 7.850001335144043 -16.000000000000000 -15.000000000000000 0.015625000000000 
7.328743934631348 -17.000000000000000 -16.000000000000000 7.860008239746094 -18.000000000000000 -17.000000000000000 0.007812500000000 
6.917776584625244 -11.000000000000000 -10.000000000000000 7.870002746582031 -12.000000000000000 -11.000000000000000 0.062500000000000 
7.545721530914307 -23.000000000000000 -22.000000000000000 7.890010833740234 -24.000000000000000 -23.000000000000000 0.000976562500000 
7.366418838500977 -17.000000000000000 -16.000000000000000 7.900005340576172 -18.000000000000000 -17.000000000000000 0.007812500000000 
6.954045772552490 -11.000000000000000 -10.000000000000000 7.910003662109375 -12.000000000000000 -11.000000000000000 0.062500000000000 
7.574438095092773 -23.000000000000000 -22.000000000000000 7.920004844665527 -24.000000000000000 -23.000000000000000 0.000976562500000 
6.972225189208984 -11.000000000000000 -10.000000000000000 7.930053710937500 -12.000000000000000 -11.000000000000000 0.062500000000000 
7.169864654541016 -13.000000000000000 -12.000000000000000 7.940063476562500 -14.000000000000000 -13.000000000000000 0.031250000000000 
6.990321159362793 -11.000000000000000 -10.000000000000000 7.950012207031250 -12.000000000000000 -11.000000000000000 0.062500000000000 
6.999396800994873 -11.000000000000000 -10.000000000000000 7.960021972656250 -12.000000000000000 -11.000000000000000 0.062500000000000 
7.730374336242676 -33.000000000000000 -32.031250000000000 7.970010757446289 -34.000000000000000 -33.000000000000000 0.000030517578125
7.026581287384033 -11.000000000000000 -10.000000000000000 7.990005493164062 -12.000000000000000 -11.000000000000000 0.062500000000000 
7.698042869567871 -27.000000000000000 -26.031250000000000 8.000005722045898 -28.000000000000000 -27.000000000000000 0.000244140625000 
7.660638809204102 -23.000000000000000 -22.000000000000000 8.010040283203125 -24.000000000000000 -23.000000000000000 0.000976562500000
20.111627578735352 -43.000000000000000 -42.023437500000000 20.580070495605469 -44.000000000000000 -43.000000000000000 0.000000953674316 
19.890785217285156 -29.000000000000000 -28.031250000000000 20.590042114257812 -30.000000000000000 -29.000000000000000 0.000122070312500 
19.947692871093750 -31.000000000000000 -30.031250000000000 20.600051879882812 -32.000000000000000 -31.000000000000000 0.000061035156250 
19.957366943359375 -31.000000000000000 -30.031250000000000 20.610038757324219 -32.000000000000000 -31.000000000000000 0.000061035156250 
20.008287429809570 -33.000000000000000 -32.031250000000000 20.620052337646484 -34.000000000000000 -33.000000000000000 0.000030517578125 
20.160480499267578 -43.000000000000000 -42.023437500000000 20.630058288574219 -44.000000000000000 -43.000000000000000 0.000000953674316 
19.939104080200195 -29.000000000000000 -28.031250000000000 20.640033721923828 -30.000000000000000 -29.000000000000000 0.000122070312500 
19.996107101440430 -31.000000000000000 -30.031250000000000 20.650032043457031 -32.000000000000000 -31.000000000000000 0.000061035156250 
20.113605499267578 -37.000000000000000 -36.023437500000000 20.660045623779297 -38.000000000000000 -37.000000000000000 0.000007629394531 
20.239425659179688 -47.000000000000000 -46.021484375000000 20.670066833496094 -48.000000000000000 -47.000000000000000 0.000000238418579 
20.025171279907227 -31.000000000000000 -30.031250000000000 20.680034637451172 -32.000000000000000 -31.000000000000000 0.000061035156250 
20.132503509521484 -35.000000000000000 -34.031250000000000 20.710041046142578 -36.000000000000000 -35.000000000000000 0.000015258789062
20.181760787963867 -37.000000000000000 -36.023437500000000 20.730045318603516 -38.000000000000000 -37.000000000000000 0.000007629394531 
20.035760879516602 -29.000000000000000 -28.031250000000000 20.740039825439453 -30.000000000000000 -29.000000000000000 0.000122070312500 
20.171380996704102 -35.000000000000000 -34.031250000000000 20.750026702880859 -36.000000000000000 -35.000000000000000 0.000015258789062 
20.153852462768555 -33.000000000000000 -32.031250000000000 20.770030975341797 -34.000000000000000 -33.000000000000000 0.000030517578125
20.122035980224609 -31.000000000000000 -30.031250000000000 20.780033111572266 -32.000000000000000 -31.000000000000000 0.000061035156250 
20.131965637207031 -31.000000000000000 -30.031250000000000 20.790283203125000 -32.000000000000000 -31.000000000000000 0.000061035156250 
20.183105468750000 -33.000000000000000 -32.031250000000000 20.800170898437500 -34.000000000000000 -33.000000000000000 0.000030517578125 
20.103427886962891 -29.000000000000000 -28.031250000000000 20.810050964355469 -30.000000000000000 -29.000000000000000 0.000122070312500 
20.170480728149414 -31.000000000000000 -30.031250000000000 20.830043792724609 -32.000000000000000 -31.000000000000000 0.000061035156250
19.823862075805664 -33.000000000000000 -32.031250000000000 20.430034637451172 -34.000000000000000 -33.000000000000000 0.000030517578125 
19.745788574218750 -29.000000000000000 -28.031250000000000 20.440021514892578 -30.000000000000000 -29.000000000000000 0.000122070312500 
19.765123367309570 -29.000000000000000 -28.031250000000000 20.460025787353516 -30.000000000000000 -29.000000000000000 0.000122070312500 
7.201049327850342 -23.000000000000000 -22.000000000000000 7.530005455017090 -24.000000000000000 -23.000000000000000 0.000976562500000 
7.027311325073242 -17.000000000000000 -16.000000000000000 7.540002822875977 -18.000000000000000 -17.000000000000000 0.007812500000000 
7.055573463439941 -17.000000000000000 -16.000000000000000 7.570005416870117 -18.000000000000000 -17.000000000000000 0.007812500000000 
7.064991474151611 -17.000000000000000 -16.000000000000000 7.580003738403320 -18.000000000000000 -17.000000000000000 0.007812500000000 
7.074409484863281 -17.000000000000000 -16.000000000000000 7.590002059936523 -18.000000000000000 -17.000000000000000 0.007812500000000 
7.083830356597900 -17.000000000000000 -16.000000000000000 7.600003242492676 -18.000000000000000 -17.000000000000000 0.007812500000000 
7.140352725982666 -17.000000000000000 -16.000000000000000 7.660007476806641 -18.000000000000000 -17.000000000000000 0.007812500000000 
7.335089206695557 -23.000000000000000 -22.000000000000000 7.670007705688477 -24.000000000000000 -23.000000000000000 0.000976562500000 
6.745532035827637 -11.000000000000000 -10.000000000000000 7.680053710937500 -12.000000000000000 -11.000000000000000 0.062500000000000 
6.948367118835449 -13.000000000000000 -12.000000000000000 7.700004577636719 -14.000000000000000 -13.000000000000000 0.031250000000000 
6.348516464233398 -13.000000000000000 -12.000000000000000 7.050003051757812 -14.000000000000000 -13.000000000000000 0.031250000000000 
6.183105468750000 -11.000000000000000 -10.000000000000000 7.060005187988281 -12.000000000000000 -11.000000000000000 0.062500000000000 
6.711027145385742 -21.000000000000000 -20.000000000000000 7.070004463195801 -22.000000000000000 -21.000000000000000 0.001953125000000 
6.796995639801025 -25.000000000000000 -24.062500000000000 7.080007553100586 -26.000000000000000 -25.000000000000000 0.000488281250000 
6.674081802368164 -19.000000000000000 -18.000000000000000 7.090001106262207 -20.000000000000000 -19.000000000000000 0.003906250000000 
6.612831115722656 -17.000000000000000 -16.000000000000000 7.100004196166992 -18.000000000000000 -17.000000000000000 0.007812500000000 
6.228506565093994 -11.000000000000000 -10.000000000000000 7.110046386718750 -12.000000000000000 -11.000000000000000 0.062500000000000 
6.237539291381836 -11.000000000000000 -10.000000000000000 7.120002746582031 -12.000000000000000 -11.000000000000000 0.062500000000000 
6.246724128723145 -11.000000000000000 -10.000000000000000 7.130126953125000 -12.000000000000000 -11.000000000000000 0.062500000000000 
6.255684375762939 -11.000000000000000 -10.000000000000000 7.140003204345703 -12.000000000000000 -11.000000000000000 0.062500000000000
6.740468502044678 -19.000000000000000 -18.000000000000000 7.160007476806641 -20.000000000000000 -19.000000000000000 0.003906250000000 
6.893187999725342 -25.000000000000000 -24.062500000000000 7.180006980895996 -26.000000000000000 -25.000000000000000 0.000488281250000
6.486958980560303 -13.000000000000000 -12.000000000000000 7.200004577636719 -14.000000000000000 -13.000000000000000 0.031250000000000 
6.904253482818604 -23.000000000000000 -22.000000000000000 7.220006942749023 -24.000000000000000 -23.000000000000000 0.000976562500000 
6.735294342041016 -17.000000000000000 -16.000000000000000 7.230004310607910 -18.000000000000000 -17.000000000000000 0.007812500000000 
6.744719028472900 -17.000000000000000 -16.000000000000000 7.240009307861328 -18.000000000000000 -17.000000000000000 0.007812500000000 
6.356358051300049 -11.000000000000000 -10.000000000000000 7.250976562500000 -12.000000000000000 -11.000000000000000 0.062500000000000 
6.970203399658203 -25.000000000000000 -24.062500000000000 7.260070800781250 -26.000000000000000 -25.000000000000000 0.000488281250000 
6.409908294677734 -11.000000000000000 -10.000000000000000 7.310009002685547 -12.000000000000000 -11.000000000000000 0.062500000000000 
6.418977260589600 -11.000000000000000 -10.000000000000000 7.320006847381592 -12.000000000000000 -11.000000000000000 0.062500000000000 
6.358484268188477 -17.000000000000000 -16.000000000000000 6.830009460449219 -18.000000000000000 -17.000000000000000 0.007812500000000 
6.286592960357666 -15.000000000000000 -14.000000000000000 6.850001335144043 -16.000000000000000 -15.000000000000000 0.015625000000000 
6.295932292938232 -15.000000000000000 -14.000000000000000 6.860000610351562 -16.000000000000000 -15.000000000000000 0.015625000000000 
6.396163940429688 -17.000000000000000 -16.000000000000000 6.870006561279297 -18.000000000000000 -17.000000000000000 0.007812500000000 
6.529900074005127 -21.000000000000000 -20.000000000000000 6.880003929138184 -22.000000000000000 -21.000000000000000 0.001953125000000 
6.047003746032715 -11.000000000000000 -10.000000000000000 6.910003662109375 -12.000000000000000 -11.000000000000000 0.062500000000000 
6.617027759552002 -23.000000000000000 -22.000000000000000 6.920004844665527 -24.000000000000000 -23.000000000000000 0.000976562500000 
6.170061588287354 -17.000000000000000 -16.000000000000000 6.630000114440918 -18.000000000000000 -17.000000000000000 0.007812500000000 
5.951602935791016 -13.000000000000000 -12.000000000000000 6.620000839233398 -14.000000000000000 -13.000000000000000 0.031250000000000
6.188903808593750 -17.000000000000000 -16.000000000000000 6.650000572204590 -18.000000000000000 -17.000000000000000 0.007812500000000 
5.575228214263916 -9.000000000000000 -8.000000000000000 6.660034179687500 -10.000000000000000 -9.000000000000000 0.125000000000000 
6.118479251861572 -15.000000000000000 -14.000000000000000 6.670005798339844 -16.000000000000000 -15.000000000000000 0.015625000000000 
6.007010936737061 -13.000000000000000 -12.000000000000000 6.680023193359375 -14.000000000000000 -13.000000000000000 0.031250000000000 
6.396827220916748 -23.000000000000000 -22.000000000000000 6.690010070800781 -24.000000000000000 -23.000000000000000 0.000976562500000 
6.323213577270508 -19.000000000000000 -18.000000000000000 6.720005035400391 -20.000000000000000 -19.000000000000000 0.003906250000000
3.035053253173828 -15.000000000000000 -14.000000000000000 3.369999885559082 -16.000000000000000 -15.000000000000000 0.015625000000000 
3.044401884078979 -15.000000000000000 -14.000000000000000 3.380001068115234 -16.000000000000000 -15.000000000000000 0.015625000000000 
