0.18798828125000000 0.00000000745058060 33.69966888427734375 0.20000058412551880 34.19741058349609375 0.00000000000181899 

34.39355468750000000 0.00006103515625000 33.69956207275390625 0.20000013709068298 34.19705963134765625 0.00000001490116119 

0.31250000000000000 0.06250000000000000 33.70117187500000000 0.30004882812500000 0.02464281208813190 0.00006103515625000 

0.31250000000000000 0.06250000000000000 33.70117187500000000 0.30004882812500000 34.22416305541992188 0.00006103515625000 

0.00048828125000000 0.00097656250000000 0.00097656250000000 0.40000033378601074 0.00678474595770240 33.89990234375000000

0.81250000000000000 0.06250000000000000 33.70117187500000000 0.80004882812500000 0.02464281208813190 0.0000610351562500

34.89355468750000000 0.00006103515625000 33.69956207275390625 0.70000064373016357 34.19705963134765625 0.00000001490116119

