
-0.99843752384185791 0.00156249478459358 0.00156249478459358 0.00156249478459358 0.00156249478459358 1.95156264305114746 0.00156249478459358 0.00156249478459358 0.00156249478459358 0.00156249478459358 0.00156249478459358 0.00156249478459358 0.00156249478459358 0.00156249478459358 0.00156249478459358 0.00156249478459358 0.00156249478459358 0.00156249478459358 0.00156249478459358 0.00156249478459358 0.00156249478459358 0.00156249478459358 0.00156249478459358 0.00156249478459358 0.00156249478459358 0.00156249478459358 0.00156249478459358 0.00156249478459358 0.00156249478459358 0.00156249478459358 0.00156249478459358 0.00156249478459358 

-0.89843750000000000 0.00156249478459358 0.00156249478459358 0.00156249478459358 0.00156249478459358 0.00156249478459358 0.00156249478459358 0.00156249478459358 0.00156249478459358 0.00156249478459358 0.00156249478459358 0.00156249478459358 0.00156249478459358 0.00156249478459358 0.00156249478459358 0.00156249478459358 0.00156249478459358 0.00156249478459358 0.00156249478459358 0.00156249478459358 0.00156249478459358 0.00156249478459358 0.00156249478459358 0.00156249478459358 0.00156249478459358 0.00156249478459358 1.85156261920928955 0.00156249478459358 0.00156249478459358 0.00156249478459358 0.00156249478459358 0.00156249478459358 

-0.79843747615814209 0.00156249478459358 0.00156249478459358 0.00156249478459358 0.00156249478459358 0.00156249478459358 0.00156249478459358 0.00156249478459358 0.00156249478459358 0.00156249478459358 0.00156249478459358 1.75156259536743164 0.00156249478459358 0.00156249478459358 0.00156249478459358 0.00156249478459358 0.00156249478459358 0.00156249478459358 0.00156249478459358 0.00156249478459358 0.00156249478459358 0.00156249478459358 0.00156249478459358 0.00156249478459358 0.00156249478459358 0.00156249478459358 0.00156249478459358 0.00156249478459358 0.00156249478459358 0.00156249478459358 0.00156249478459358 0.00156249478459358 

-0.69843745231628418 0.00156249478459358 0.00156249478459358 0.00156249478459358 0.00156249478459358 0.00156249478459358 0.00156249478459358 0.00156249478459358 0.00156249478459358 0.00156249478459358 0.00156249478459358 0.00156249478459358 0.00156249478459358 0.00156249478459358 0.00156249478459358 0.00156249478459358 0.00156249478459358 0.00156249478459358 0.00156249478459358 0.00156249478459358 0.00156249478459358 0.00156249478459358 0.00156249478459358 0.00156249478459358 0.00156249478459358 0.00156249478459358 1.65156257152557373 0.00156249478459358 0.00156249478459358 0.00156249478459358 0.00156249478459358 0.00156249478459358 

-0.59843742847442627 0.00156249478459358 0.00156249478459358 0.00156249478459358 0.00156249478459358 0.00156249478459358 0.00156249478459358 0.00156249478459358 0.00156249478459358 1.55156254768371582 0.00156249478459358 0.00156249478459358 0.00156249478459358 0.00156249478459358 0.00156249478459358 0.00156249478459358 0.00156249478459358 0.00156249478459358 0.00156249478459358 0.00156249478459358 0.00156249478459358 0.00156249478459358 0.00156249478459358 0.00156249478459358 0.00156249478459358 0.00156249478459358 0.00156249478459358 0.00156249478459358 0.00156249478459358 0.00156249478459358 0.00156249478459358 0.00156249478459358 

-0.49843740463256836 0.00156249571591616 1.45156252384185791 0.00156249571591616 0.00156249571591616 0.00156249571591616 0.00156249571591616 0.00156249571591616 0.00156249571591616 0.00156249571591616 0.00156249571591616 0.00156249571591616 0.00156249571591616 0.00156249571591616 0.00156249571591616 0.00156249571591616 0.00156249571591616 0.00156249571591616 0.00156249571591616 0.00156249571591616 0.00156249571591616 0.00156249571591616 0.00156249571591616 0.00156249571591616 0.00156249571591616 0.00156249571591616 0.00156249571591616 0.00156249571591616 0.00156249571591616 0.00156249571591616 0.00156249571591616 0.00156249571591616 

-0.39843741059303284 0.00156249664723873 0.00156249664723873 0.00156249664723873 0.00156249664723873 0.00156249664723873 0.00156249664723873 0.00156249664723873 0.00156249664723873 0.00156249664723873 0.00156249664723873 0.00156249664723873 0.00156249664723873 0.00156249664723873 0.00156249664723873 0.00156249664723873 0.00156249664723873 0.00156249664723873 0.00156249664723873 0.00156249664723873 0.00156249664723873 0.00156249664723873 0.00156249664723873 0.00156249664723873 0.00156249664723873 0.00156249664723873 0.00156249664723873 0.00156249664723873 1.35156250000000000 0.00156249664723873 0.00156249664723873 0.00156249664723873 

-0.29843741655349731 0.00156249757856131 0.00156249757856131 0.00156249757856131 0.00156249757856131 0.00156249757856131 0.00156249757856131 0.00156249757856131 0.00156249757856131 1.25156247615814209 0.00156249757856131 0.00156249757856131 0.00156249757856131 0.00156249757856131 0.00156249757856131 0.00156249757856131 0.00156249757856131 0.00156249757856131 0.00156249757856131 0.00156249757856131 0.00156249757856131 0.00156249757856131 0.00156249757856131 0.00156249757856131 0.00156249757856131 0.00156249757856131 0.00156249757856131 0.00156249757856131 0.00156249757856131 0.00156249757856131 0.00156249757856131 0.00156249757856131 

-0.19843743741512299 0.00156249478459358 0.00156249478459358 0.00156249478459358 0.00156249478459358 0.00156249478459358 0.00156249478459358 0.00156249478459358 0.00156249478459358 0.00156249478459358 0.00156249478459358 0.00156249478459358 0.00156249478459358 0.00156249478459358 0.00156249478459358 0.00156249478459358 0.00156249478459358 0.00156249478459358 0.00156249478459358 0.00156249478459358 0.00156249478459358 1.15156257152557373 0.00156249478459358 0.00156249478459358 0.00156249478459358 0.00156249478459358 0.00156249478459358 0.00156249478459358 0.00156249478459358 0.00156249478459358 0.00156249478459358 0.00156249478459358 

-0.09687492996454239 0.00312499399296939 0.00312499399296939 0.00312499399296939 0.00312499399296939 0.00312499399296939 0.00312499399296939 0.00312499399296939 0.00312499399296939 0.00312499399296939 0.00312499399296939 0.00312499399296939 0.00312499399296939 0.00312499399296939 0.00312499399296939 0.00312499399296939 0.00312499399296939 0.00312499399296939 0.00312499399296939 0.00312499399296939 0.00312499399296939 0.00312499399296939 0.00312499399296939 0.00312499399296939 0.00312499399296939 0.00312499399296939 0.00312499399296939 0.00312499399296939 1.00312507152557373 0.00312499399296939 0.00312499399296939 0.00312499399296939 

0.00156257255002856 0.00156249804422259 0.95156246423721313 0.00156249804422259 0.00156249804422259 0.00156249804422259 0.00156249804422259 0.00156249804422259 0.00156249804422259 0.00156249804422259 0.00156249804422259 0.00156249804422259 0.00156249804422259 0.00156249804422259 0.00156249804422259 0.00156249804422259 0.00156249804422259 0.00156249804422259 0.00156249804422259 0.00156249804422259 0.00156249804422259 0.00156249804422259 0.00156249804422259 0.00156249804422259 0.00156249804422259 0.00156249804422259 0.00156249804422259 0.00156249804422259 0.00156249804422259 0.00156249804422259 0.00156249804422259 0.00156249804422259 

0.10156257450580597 0.00156249874271452 0.00156249874271452 0.00156249874271452 0.00156249874271452 0.00156249874271452 0.00156249874271452 0.00156249874271452 0.00156249874271452 0.00156249874271452 0.00156249874271452 0.00156249874271452 0.00156249874271452 0.00156249874271452 0.00156249874271452 0.00156249874271452 0.85156244039535522 0.00156249874271452 0.00156249874271452 0.00156249874271452 0.00156249874271452 0.00156249874271452 0.00156249874271452 0.00156249874271452 0.00156249874271452 0.00156249874271452 0.00156249874271452 0.00156249874271452 0.00156249874271452 0.00156249874271452 0.00156249874271452 0.00156249874271452 

0.20156256854534149 0.00156249757856131 0.00156249757856131 0.00156249757856131 0.00156249757856131 0.00156249757856131 0.00156249757856131 0.00156249757856131 0.00156249757856131 0.00156249757856131 0.00156249757856131 0.00156249757856131 0.00156249757856131 0.75156247615814209 0.00156249757856131 0.00156249757856131 0.00156249757856131 0.00156249757856131 0.00156249757856131 0.00156249757856131 0.00156249757856131 0.00156249757856131 0.00156249757856131 0.00156249757856131 0.00156249757856131 0.00156249757856131 0.00156249757856131 0.00156249757856131 0.00156249757856131 0.00156249757856131 0.00156249757856131 0.00156249757856131 

0.30156257748603821 0.00156249850988388 0.00156249850988388 0.00156249850988388 0.00156249850988388 0.00156249850988388 0.00156249850988388 0.00156249850988388 0.00156249850988388 0.00156249850988388 0.00156249850988388 0.00156249850988388 0.00156249850988388 0.00156249850988388 0.00156249850988388 0.00156249850988388 0.00156249850988388 0.00156249850988388 0.00156249850988388 0.00156249850988388 0.00156249850988388 0.65156245231628418 0.00156249850988388 0.00156249850988388 0.00156249850988388 0.00156249850988388 0.00156249850988388 0.00156249850988388 0.00156249850988388 0.00156249850988388 0.00156249850988388 0.00156249850988388 

0.40156257152557373 0.00156249757856131 0.00156249757856131 0.00156249757856131 0.00156249757856131 0.00156249757856131 0.00156249757856131 0.00156249757856131 0.00156249757856131 0.00156249757856131 0.55156248807907104 0.00156249757856131 0.00156249757856131 0.00156249757856131 0.00156249757856131 0.00156249757856131 0.00156249757856131 0.00156249757856131 0.00156249757856131 0.00156249757856131 0.00156249757856131 0.00156249757856131 0.00156249757856131 0.00156249757856131 0.00156249757856131 0.00156249757856131 0.00156249757856131 0.00156249757856131 0.00156249757856131 0.00156249757856131 0.00156249757856131 0.00156249757856131 

0.50156253576278687 0.00156249944120646 0.00156249944120646 0.45156246423721313 0.00156249944120646 0.00156249944120646 0.00156249944120646 0.00156249944120646 0.00156249944120646 0.00156249944120646 0.00156249944120646 0.00156249944120646 0.00156249944120646 0.00156249944120646 0.00156249944120646 0.00156249944120646 0.00156249944120646 0.00156249944120646 0.00156249944120646 0.00156249944120646 0.00156249944120646 0.00156249944120646 0.00156249944120646 0.00156249944120646 0.00156249944120646 0.00156249944120646 0.00156249944120646 0.00156249944120646 0.00156249944120646 0.00156249944120646 0.00156249944120646 0.00156249944120646 

0.60156255960464478 0.00156249944120646 0.35156244039535522 0.00156249944120646 0.00156249944120646 0.00156249944120646 0.00156249944120646 0.00156249944120646 0.00156249944120646 0.00156249944120646 0.00156249944120646 0.00156249944120646 0.00156249944120646 0.00156249944120646 0.00156249944120646 0.00156249944120646 0.00156249944120646 0.00156249944120646 0.00156249944120646 0.00156249944120646 0.00156249944120646 0.00156249944120646 0.00156249944120646 0.00156249944120646 0.00156249944120646 0.00156249944120646 0.00156249944120646 0.00156249944120646 0.00156249944120646 0.00156249944120646 0.00156249944120646 0.00156249944120646 

0.70156258344650269 0.00156249990686774 0.00156249990686774 0.00156249990686774 0.00156249990686774 0.00156249990686774 0.00156249990686774 0.00156249990686774 0.00156249990686774 0.00156249990686774 0.00156249990686774 0.00156249990686774 0.00156249990686774 0.00156249990686774 0.00156249990686774 0.00156249990686774 0.00156249990686774 0.00156249990686774 0.00156249990686774 0.00156249990686774 0.00156249990686774 0.25156238675117493 0.00156249990686774 0.00156249990686774 0.00156249990686774 0.00156249990686774 0.00156249990686774 0.00156249990686774 0.00156249990686774 0.00156249990686774 0.00156249990686774 0.00156249990686774 

0.80156260728836060 0.00156249990686774 0.00156249990686774 0.00156249990686774 0.00156249990686774 0.00156249990686774 0.00156249990686774 0.00156249990686774 0.00156249990686774 0.00156249990686774 0.00156249990686774 0.00156249990686774 0.00156249990686774 0.00156249990686774 0.00156249990686774 0.00156249990686774 0.00156249990686774 0.00156249990686774 0.00156249990686774 0.00156249990686774 0.00156249990686774 0.00156249990686774 0.00156249990686774 0.00156249990686774 0.15156237781047821 0.00156249990686774 0.00156249990686774 0.00156249990686774 0.00156249990686774 0.00156249990686774 0.00156249990686774 0.00156249990686774 

0.90156263113021851 0.00156249932479113 0.00156249932479113 0.00156249932479113 0.00156249932479113 0.00156249932479113 0.00156249932479113 0.00156249932479113 0.00156249932479113 0.00156249932479113 0.00156249932479113 0.00156249932479113 0.00156249932479113 0.00156249932479113 0.00156249932479113 0.00156249932479113 0.00156249932479113 0.00156249932479113 0.00156249932479113 0.00156249932479113 0.00156249932479113 0.00156249932479113 0.00156249932479113 0.00156249932479113 0.05156236514449120 0.00156249932479113 0.00156249932479113 0.00156249932479113 0.00156249932479113 0.00156249932479113 0.00156249932479113 0.00156249932479113 

1.00156259536743164 0.00156250025611371 0.00156250025611371 0.00156250025611371 0.00156250025611371 0.00156250025611371 0.00156250025611371 0.00156250025611371 0.00156250025611371 0.00156250025611371 -0.04843762889504433 0.00156250025611371 0.00156250025611371 0.00156250025611371 0.00156250025611371 0.00156250025611371 0.00156250025611371 0.00156250025611371 0.00156250025611371 0.00156250025611371 0.00156250025611371 0.00156250025611371 0.00156250025611371 0.00156250025611371 0.00156250025611371 0.00156250025611371 0.00156250025611371 0.00156250025611371 0.00156250025611371 0.00156250025611371 0.00156250025611371 0.00156250025611371 

1.10156261920928955 0.00156249990686774 0.00156249990686774 0.00156249990686774 -0.14843763411045074 0.00156249990686774 0.00156249990686774 0.00156249990686774 0.00156249990686774 0.00156249990686774 0.00156249990686774 0.00156249990686774 0.00156249990686774 0.00156249990686774 0.00156249990686774 0.00156249990686774 0.00156249990686774 0.00156249990686774 0.00156249990686774 0.00156249990686774 0.00156249990686774 0.00156249990686774 0.00156249990686774 0.00156249990686774 0.00156249990686774 0.00156249990686774 0.00156249990686774 0.00156249990686774 0.00156249990686774 0.00156249990686774 0.00156249990686774 0.00156249990686774 

1.20156264305114746 0.00156249944120646 0.00156249944120646 0.00156249944120646 0.00156249944120646 0.00156249944120646 0.00156249944120646 0.00156249944120646 0.00156249944120646 0.00156249944120646 0.00156249944120646 0.00156249944120646 0.00156249944120646 0.00156249944120646 0.00156249944120646 0.00156249944120646 0.00156249944120646 0.00156249944120646 0.00156249944120646 0.00156249944120646 0.00156249944120646 0.00156249944120646 -0.24843764305114746 0.00156249944120646 0.00156249944120646 0.00156249944120646 0.00156249944120646 0.00156249944120646 0.00156249944120646 0.00156249944120646 0.00156249944120646 0.00156249944120646 

1.30156266689300537 0.00156249944120646 0.00156249944120646 0.00156249944120646 0.00156249944120646 0.00156249944120646 0.00156249944120646 0.00156249944120646 0.00156249944120646 0.00156249944120646 0.00156249944120646 0.00156249944120646 0.00156249944120646 0.00156249944120646 0.00156249944120646 -0.34843766689300537 0.00156249944120646 0.00156249944120646 0.00156249944120646 0.00156249944120646 0.00156249944120646 0.00156249944120646 0.00156249944120646 0.00156249944120646 0.00156249944120646 0.00156249944120646 0.00156249944120646 0.00156249944120646 0.00156249944120646 0.00156249944120646 0.00156249944120646 0.00156249944120646 

1.40156269073486328 0.00156249944120646 0.00156249944120646 0.00156249944120646 0.00156249944120646 0.00156249944120646 0.00156249944120646 -0.44843769073486328 0.00156249944120646 0.00156249944120646 0.00156249944120646 0.00156249944120646 0.00156249944120646 0.00156249944120646 0.00156249944120646 0.00156249944120646 0.00156249944120646 0.00156249944120646 0.00156249944120646 0.00156249944120646 0.00156249944120646 0.00156249944120646 0.00156249944120646 0.00156249944120646 0.00156249944120646 0.00156249944120646 0.00156249944120646 0.00156249944120646 0.00156249944120646 0.00156249944120646 0.00156249944120646 0.00156249944120646 

1.50156271457672119 0.00156249850988388 0.00156249850988388 0.00156249850988388 0.00156249850988388 0.00156249850988388 0.00156249850988388 0.00156249850988388 0.00156249850988388 0.00156249850988388 0.00156249850988388 0.00156249850988388 0.00156249850988388 0.00156249850988388 0.00156249850988388 0.00156249850988388 0.00156249850988388 0.00156249850988388 0.00156249850988388 0.00156249850988388 -0.54843771457672119 0.00156249850988388 0.00156249850988388 0.00156249850988388 0.00156249850988388 0.00156249850988388 0.00156249850988388 0.00156249850988388 0.00156249850988388 0.00156249850988388 0.00156249850988388 0.00156249850988388 

1.60156273841857910 0.00156249850988388 0.00156249850988388 0.00156249850988388 0.00156249850988388 0.00156249850988388 0.00156249850988388 0.00156249850988388 0.00156249850988388 0.00156249850988388 0.00156249850988388 0.00156249850988388 0.00156249850988388 0.00156249850988388 0.00156249850988388 0.00156249850988388 -0.64843773841857910 0.00156249850988388 0.00156249850988388 0.00156249850988388 0.00156249850988388 0.00156249850988388 0.00156249850988388 0.00156249850988388 0.00156249850988388 0.00156249850988388 0.00156249850988388 0.00156249850988388 0.00156249850988388 0.00156249850988388 0.00156249850988388 0.00156249850988388 

1.70156276226043701 0.00156249850988388 0.00156249850988388 0.00156249850988388 0.00156249850988388 0.00156249850988388 0.00156249850988388 0.00156249850988388 0.00156249850988388 0.00156249850988388 0.00156249850988388 0.00156249850988388 0.00156249850988388 0.00156249850988388 0.00156249850988388 0.00156249850988388 0.00156249850988388 0.00156249850988388 0.00156249850988388 0.00156249850988388 0.00156249850988388 0.00156249850988388 0.00156249850988388 0.00156249850988388 0.00156249850988388 -0.74843776226043701 0.00156249850988388 0.00156249850988388 0.00156249850988388 0.00156249850988388 0.00156249850988388 0.00156249850988388 

1.80156278610229492 0.00156249850988388 0.00156249850988388 0.00156249850988388 0.00156249850988388 0.00156249850988388 0.00156249850988388 0.00156249850988388 0.00156249850988388 0.00156249850988388 0.00156249850988388 0.00156249850988388 0.00156249850988388 0.00156249850988388 0.00156249850988388 0.00156249850988388 0.00156249850988388 -0.84843778610229492 0.00156249850988388 0.00156249850988388 0.00156249850988388 0.00156249850988388 0.00156249850988388 0.00156249850988388 0.00156249850988388 0.00156249850988388 0.00156249850988388 0.00156249850988388 0.00156249850988388 0.00156249850988388 0.00156249850988388 0.00156249850988388 

1.90156280994415283 0.00156249664723873 0.00156249664723873 0.00156249664723873 0.00156249664723873 0.00156249664723873 0.00156249664723873 0.00156249664723873 0.00156249664723873 -0.94843775033950806 0.00156249664723873 0.00156249664723873 0.00156249664723873 0.00156249664723873 0.00156249664723873 0.00156249664723873 0.00156249664723873 0.00156249664723873 0.00156249664723873 0.00156249664723873 0.00156249664723873 0.00156249664723873 0.00156249664723873 0.00156249664723873 0.00156249664723873 0.00156249664723873 0.00156249664723873 0.00156249664723873 0.00156249664723873 0.00156249664723873 0.00156249664723873 0.00156249664723873 

2.00156283378601074 0.00156249478459358 0.00156249478459358 0.00156249478459358 0.00156249478459358 0.00156249478459358 0.00156249478459358 0.00156249478459358 0.00156249478459358 0.00156249478459358 0.00156249478459358 -1.04843759536743164 0.00156249478459358 0.00156249478459358 0.00156249478459358 0.00156249478459358 0.00156249478459358 0.00156249478459358 0.00156249478459358 0.00156249478459358 0.00156249478459358 0.00156249478459358 0.00156249478459358 0.00156249478459358 0.00156249478459358 0.00156249478459358 0.00156249478459358 0.00156249478459358 0.00156249478459358 0.00156249478459358 0.00156249478459358 0.00156249478459358 

2.10156273841857910 0.00156249478459358 0.00156249478459358 0.00156249478459358 0.00156249478459358 0.00156249478459358 0.00156249478459358 0.00156249478459358 0.00156249478459358 0.00156249478459358 0.00156249478459358 0.00156249478459358 0.00156249478459358 0.00156249478459358 0.00156249478459358 0.00156249478459358 0.00156249478459358 0.00156249478459358 0.00156249478459358 0.00156249478459358 0.00156249478459358 -1.14843750000000000 0.00156249478459358 0.00156249478459358 0.00156249478459358 0.00156249478459358 0.00156249478459358 0.00156249478459358 0.00156249478459358 0.00156249478459358 0.00156249478459358 0.00156249478459358 

2.20156264305114746 0.00156249478459358 -1.24843740463256836 0.00156249478459358 0.00156249478459358 0.00156249478459358 0.00156249478459358 0.00156249478459358 0.00156249478459358 0.00156249478459358 0.00156249478459358 0.00156249478459358 0.00156249478459358 0.00156249478459358 0.00156249478459358 0.00156249478459358 0.00156249478459358 0.00156249478459358 0.00156249478459358 0.00156249478459358 0.00156249478459358 0.00156249478459358 0.00156249478459358 0.00156249478459358 0.00156249478459358 0.00156249478459358 0.00156249478459358 0.00156249478459358 0.00156249478459358 0.00156249478459358 0.00156249478459358 0.00156249478459358 

2.30156254768371582 0.00156249478459358 0.00156249478459358 0.00156249478459358 0.00156249478459358 0.00156249478459358 0.00156249478459358 0.00156249478459358 0.00156249478459358 0.00156249478459358 0.00156249478459358 0.00156249478459358 0.00156249478459358 0.00156249478459358 0.00156249478459358 0.00156249478459358 0.00156249478459358 0.00156249478459358 0.00156249478459358 0.00156249478459358 0.00156249478459358 0.00156249478459358 -1.34843730926513672 0.00156249478459358 0.00156249478459358 0.00156249478459358 0.00156249478459358 0.00156249478459358 0.00156249478459358 0.00156249478459358 0.00156249478459358 0.00156249478459358 

2.40156245231628418 0.00156249478459358 0.00156249478459358 -1.44843721389770508 0.00156249478459358 0.00156249478459358 0.00156249478459358 0.00156249478459358 0.00156249478459358 0.00156249478459358 0.00156249478459358 0.00156249478459358 0.00156249478459358 0.00156249478459358 0.00156249478459358 0.00156249478459358 0.00156249478459358 0.00156249478459358 0.00156249478459358 0.00156249478459358 0.00156249478459358 0.00156249478459358 0.00156249478459358 0.00156249478459358 0.00156249478459358 0.00156249478459358 0.00156249478459358 0.00156249478459358 0.00156249478459358 0.00156249478459358 0.00156249478459358 0.00156249478459358 

2.50156235694885254 0.00156249478459358 0.00156249478459358 0.00156249478459358 0.00156249478459358 0.00156249478459358 0.00156249478459358 0.00156249478459358 0.00156249478459358 0.00156249478459358 0.00156249478459358 0.00156249478459358 0.00156249478459358 0.00156249478459358 0.00156249478459358 0.00156249478459358 0.00156249478459358 0.00156249478459358 0.00156249478459358 0.00156249478459358 -1.54843711853027344 0.00156249478459358 0.00156249478459358 0.00156249478459358 0.00156249478459358 0.00156249478459358 0.00156249478459358 0.00156249478459358 0.00156249478459358 0.00156249478459358 0.00156249478459358 0.00156249478459358 

2.60156226158142090 0.00156249478459358 0.00156249478459358 0.00156249478459358 0.00156249478459358 0.00156249478459358 0.00156249478459358 0.00156249478459358 0.00156249478459358 0.00156249478459358 0.00156249478459358 0.00156249478459358 0.00156249478459358 -1.64843702316284180 0.00156249478459358 0.00156249478459358 0.00156249478459358 0.00156249478459358 0.00156249478459358 0.00156249478459358 0.00156249478459358 0.00156249478459358 0.00156249478459358 0.00156249478459358 0.00156249478459358 0.00156249478459358 0.00156249478459358 0.00156249478459358 0.00156249478459358 0.00156249478459358 0.00156249478459358 0.00156249478459358 

2.70156216621398926 0.00156249478459358 0.00156249478459358 0.00156249478459358 0.00156249478459358 -1.74843692779541016 0.00156249478459358 0.00156249478459358 0.00156249478459358 0.00156249478459358 0.00156249478459358 0.00156249478459358 0.00156249478459358 0.00156249478459358 0.00156249478459358 0.00156249478459358 0.00156249478459358 0.00156249478459358 0.00156249478459358 0.00156249478459358 0.00156249478459358 0.00156249478459358 0.00156249478459358 0.00156249478459358 0.00156249478459358 0.00156249478459358 0.00156249478459358 0.00156249478459358 0.00156249478459358 0.00156249478459358 0.00156249478459358 0.00156249478459358 

2.80156207084655762 0.00156249478459358 0.00156249478459358 0.00156249478459358 0.00156249478459358 0.00156249478459358 0.00156249478459358 0.00156249478459358 0.00156249478459358 0.00156249478459358 0.00156249478459358 0.00156249478459358 0.00156249478459358 0.00156249478459358 0.00156249478459358 0.00156249478459358 0.00156249478459358 0.00156249478459358 0.00156249478459358 -1.84843683242797852 0.00156249478459358 0.00156249478459358 0.00156249478459358 0.00156249478459358 0.00156249478459358 0.00156249478459358 0.00156249478459358 0.00156249478459358 0.00156249478459358 0.00156249478459358 0.00156249478459358 0.00156249478459358 

2.90156197547912598 0.00156249478459358 0.00156249478459358 0.00156249478459358 0.00156249478459358 0.00156249478459358 0.00156249478459358 0.00156249478459358 0.00156249478459358 0.00156249478459358 0.00156249478459358 0.00156249478459358 0.00156249478459358 0.00156249478459358 0.00156249478459358 0.00156249478459358 0.00156249478459358 0.00156249478459358 0.00156249478459358 0.00156249478459358 0.00156249478459358 0.00156249478459358 0.00156249478459358 0.00156249478459358 0.00156249478459358 0.00156249478459358 0.00156249478459358 0.00156249478459358 0.00156249478459358 -1.94843673706054688 0.00156249478459358 0.00156249478459358 

3.00156188011169434 0.00156249105930328 0.00156249105930328 0.00156249105930328 0.00156249105930328 0.00156249105930328 0.00156249105930328 0.00156249105930328 0.00156249105930328 0.00156249105930328 0.00156249105930328 0.00156249105930328 0.00156249105930328 0.00156249105930328 0.00156249105930328 0.00156249105930328 0.00156249105930328 0.00156249105930328 0.00156249105930328 0.00156249105930328 0.00156249105930328 -2.04843640327453613 0.00156249105930328 0.00156249105930328 0.00156249105930328 0.00156249105930328 0.00156249105930328 0.00156249105930328 0.00156249105930328 0.00156249105930328 0.00156249105930328 0.00156249105930328 

3.10156178474426270 0.00156249105930328 0.00156249105930328 -2.14843630790710449 0.00156249105930328 0.00156249105930328 0.00156249105930328 0.00156249105930328 0.00156249105930328 0.00156249105930328 0.00156249105930328 0.00156249105930328 0.00156249105930328 0.00156249105930328 0.00156249105930328 0.00156249105930328 0.00156249105930328 0.00156249105930328 0.00156249105930328 0.00156249105930328 0.00156249105930328 0.00156249105930328 0.00156249105930328 0.00156249105930328 0.00156249105930328 0.00156249105930328 0.00156249105930328 0.00156249105930328 0.00156249105930328 0.00156249105930328 0.00156249105930328 0.00156249105930328 

3.20156168937683105 0.00156249105930328 0.00156249105930328 0.00156249105930328 0.00156249105930328 0.00156249105930328 0.00156249105930328 0.00156249105930328 0.00156249105930328 0.00156249105930328 0.00156249105930328 0.00156249105930328 0.00156249105930328 0.00156249105930328 0.00156249105930328 0.00156249105930328 0.00156249105930328 0.00156249105930328 0.00156249105930328 0.00156249105930328 0.00156249105930328 0.00156249105930328 0.00156249105930328 0.00156249105930328 0.00156249105930328 -2.24843621253967285 0.00156249105930328 0.00156249105930328 0.00156249105930328 0.00156249105930328 0.00156249105930328 0.00156249105930328 

3.30156159400939941 0.00156249105930328 0.00156249105930328 0.00156249105930328 0.00156249105930328 0.00156249105930328 0.00156249105930328 0.00156249105930328 0.00156249105930328 0.00156249105930328 0.00156249105930328 0.00156249105930328 0.00156249105930328 -2.34843611717224121 0.00156249105930328 0.00156249105930328 0.00156249105930328 0.00156249105930328 0.00156249105930328 0.00156249105930328 0.00156249105930328 0.00156249105930328 0.00156249105930328 0.00156249105930328 0.00156249105930328 0.00156249105930328 0.00156249105930328 0.00156249105930328 0.00156249105930328 0.00156249105930328 0.00156249105930328 0.00156249105930328 

3.40156149864196777 0.00156249105930328 0.00156249105930328 0.00156249105930328 0.00156249105930328 0.00156249105930328 0.00156249105930328 0.00156249105930328 0.00156249105930328 0.00156249105930328 0.00156249105930328 0.00156249105930328 0.00156249105930328 0.00156249105930328 0.00156249105930328 0.00156249105930328 0.00156249105930328 0.00156249105930328 0.00156249105930328 0.00156249105930328 0.00156249105930328 0.00156249105930328 0.00156249105930328 0.00156249105930328 0.00156249105930328 0.00156249105930328 0.00156249105930328 0.00156249105930328 -2.44843602180480957 0.00156249105930328 0.00156249105930328 0.00156249105930328 

3.50156140327453613 0.00156249105930328 0.00156249105930328 0.00156249105930328 0.00156249105930328 0.00156249105930328 0.00156249105930328 0.00156249105930328 0.00156249105930328 0.00156249105930328 0.00156249105930328 0.00156249105930328 0.00156249105930328 0.00156249105930328 0.00156249105930328 0.00156249105930328 0.00156249105930328 0.00156249105930328 -2.54843592643737793 0.00156249105930328 0.00156249105930328 0.00156249105930328 0.00156249105930328 0.00156249105930328 0.00156249105930328 0.00156249105930328 0.00156249105930328 0.00156249105930328 0.00156249105930328 0.00156249105930328 0.00156249105930328 0.00156249105930328 

3.60156130790710449 0.00156249105930328 0.00156249105930328 0.00156249105930328 0.00156249105930328 0.00156249105930328 0.00156249105930328 0.00156249105930328 0.00156249105930328 0.00156249105930328 0.00156249105930328 0.00156249105930328 0.00156249105930328 0.00156249105930328 0.00156249105930328 0.00156249105930328 0.00156249105930328 0.00156249105930328 0.00156249105930328 0.00156249105930328 0.00156249105930328 0.00156249105930328 0.00156249105930328 0.00156249105930328 0.00156249105930328 0.00156249105930328 0.00156249105930328 0.00156249105930328 -2.64843583106994629 0.00156249105930328 0.00156249105930328 0.00156249105930328 

3.70156121253967285 0.00156249105930328 0.00156249105930328 0.00156249105930328 0.00156249105930328 0.00156249105930328 0.00156249105930328 0.00156249105930328 0.00156249105930328 0.00156249105930328 0.00156249105930328 0.00156249105930328 0.00156249105930328 0.00156249105930328 0.00156249105930328 0.00156249105930328 0.00156249105930328 0.00156249105930328 0.00156249105930328 0.00156249105930328 0.00156249105930328 -2.74843573570251465 0.00156249105930328 0.00156249105930328 0.00156249105930328 0.00156249105930328 0.00156249105930328 0.00156249105930328 0.00156249105930328 0.00156249105930328 0.00156249105930328 0.00156249105930328 

3.80156111717224121 0.00156249105930328 0.00156249105930328 0.00156249105930328 0.00156249105930328 0.00156249105930328 0.00156249105930328 -2.84843564033508301 0.00156249105930328 0.00156249105930328 0.00156249105930328 0.00156249105930328 0.00156249105930328 0.00156249105930328 0.00156249105930328 0.00156249105930328 0.00156249105930328 0.00156249105930328 0.00156249105930328 0.00156249105930328 0.00156249105930328 0.00156249105930328 0.00156249105930328 0.00156249105930328 0.00156249105930328 0.00156249105930328 0.00156249105930328 0.00156249105930328 0.00156249105930328 0.00156249105930328 0.00156249105930328 0.00156249105930328 

3.90156102180480957 0.00156249105930328 0.00156249105930328 0.00156249105930328 0.00156249105930328 0.00156249105930328 0.00156249105930328 0.00156249105930328 0.00156249105930328 0.00156249105930328 0.00156249105930328 0.00156249105930328 0.00156249105930328 0.00156249105930328 0.00156249105930328 0.00156249105930328 0.00156249105930328 0.00156249105930328 0.00156249105930328 0.00156249105930328 0.00156249105930328 -2.94843554496765137 0.00156249105930328 0.00156249105930328 0.00156249105930328 0.00156249105930328 0.00156249105930328 0.00156249105930328 0.00156249105930328 0.00156249105930328 0.00156249105930328 0.00156249105930328 
