-9.0020818710327148438
2.1884765625000000000
-4.3635549545288085938
-31.2124595642089843750
-11.3835716247558593750
-34.9399261474609375000
-9.3002586364746093750
0.1013221740722656250
-3.8353796005249023438
-3.5627288818359375000
-16.2099609375000000000
11.0336952209472656250
6.2753639221191406250
-6.9859533309936523438
7.9826211929321289062
7.9826211929321289062
2.7549438476562500000
-0.6941595077514648438
3.3146705627441406250
0.2640410065650939941
0.6022131443023681641
1.5410547256469726562
-0.8222923278808593750
-0.1189264655113220215
-0.0568504333496093750
0.0061808228492736816
0.0427929311990737915
0.0225838571786880493
-0.2074989676475524902
0.0846218019723892212
-0.0000040249569792650
-0.0000005806214176118
-0.0505682080984115601
0.0047774910926818848
0.0059464313089847565
0.0085156001150608063
-0.2413920760154724121
0.0592893511056900024
-0.1002798080444335938
0.3237915039062500000
-0.0941274166107177734
0.0045441100373864174
0.0001287199556827545
0.0001685330644249916
0.0002572620287537575
0.0007426301017403603
-0.0010411178227514029
0.0008039197418838739
-0.0726385116577148438
-0.0001849511172622442
0.0235121585428714752
0.0004293359816074371
0.0024191597476601601
0.0006777085363864899
0.0012052340898662806
-0.0003623755183070898
-0.0038475356996059418
0.0016283029690384865
0.0040985494852066040
0.0048784026876091957
-0.0168015621602535248
-0.0072291037067770958
0.0141484523192048073
-0.0001171678304672241
-0.0000949462410062551
0.0060675144195556641
0.0000058128580349148
0.0000058128580349148
0.0000058128580349148
-0.0069930404424667358
-0.0001228635665029287
0.0099275121465325356
-0.0023801326751708984
0.0021346518769860268
-0.0001618046662770212
0.0007897319737821817
0.0001857914612628520
0.0006372928619384766
-0.0074050985276699066
-0.0034856796264648438
-0.0035596936941146851
0.0204508937895298004
-0.0000508986413478851
-0.0659455657005310059
-0.0001387567608617246
0.0002831845195032656
-0.0000005806214176118
0.0176168121397495270
-0.0178603976964950562
0.0162500292062759399
0.0050697326660156250
0.0058557176962494850
-0.0002008816227316856
0.0039862776175141335
-0.0039338469505310059
-0.0010492184665054083
0.0004484653472900391
-0.0078027099370956421
-0.0453386269509792328
-0.0002081757411360741
0.0026884675025939941
0.0003836473915725946
0.0025408267974853516
-0.0075683593750000000
-0.0053414665162563324
0.0070478916168212891
0.0144567526876926422
-0.0019412301480770111
0.0086672455072402954
-0.0033722184598445892
-0.0578727126121520996
0.0097639560699462891
0.0038386024534702301
-0.0001137824147008359
-0.0001137824147008359
0.0109557071700692177
-0.0040703928098082542
0.0057715084403753281
0.0040155053138732910
-0.0166224502027034760
0.0001634918735362589
0.0006355084478855133
-0.0000474452972412109
0.0037093842402100563
-0.0060395598411560059
0.0090525150299072266
-0.0001021900679916143
0.0467407852411270142
-0.0204334929585456848
0.2468858361244201660
0.0284895338118076324
-0.0027255080640316010
0.0022085942327976227
-0.0112637877464294434
0.0075639821588993073
0.0224543958902359009
0.0258598960936069489
-0.0010546126868575811
-0.0183412879705429077
0.0295460373163223267
0.0158379226922988892
-0.0028093904256820679
0.0064005944877862930
0.0168445445597171783
0.0029449462890625000
-0.0122513175010681152
0.0028599211946129799
0.0112915039062500000
0.0156474448740482330
0.0088415741920471191
0.0022348689381033182
-0.0326573848724365234
0.0047774910926818848
-0.0351594537496566772
0.0260954052209854126
0.0049439109861850739
-0.0018499940633773804
0.2942758202552795410
0.0127075649797916412
0.0358669199049472809
0.0429320484399795532
0.0494375377893447876
0.0134597420692443848
-0.0001678466796875000
0.0554380454123020172
0.0141387917101383209
0.0000317411395371892
0.0000317411395371892
-0.0033525095786899328
0.0006847368204034865
0.0683322846889495850
0.0920562744140625000
-0.0047482810914516449
0.0431111007928848267
0.2110686898231506348
0.0168839097023010254
-0.0022530406713485718
0.1243629455566406250
0.6037073135375976562
0.0098066926002502441
-0.5686872005462646484
0.0900878906250000000
0.0128306783735752106
-0.2020959258079528809
0.0507648140192031860
0.1983929276466369629
0.0603244453668594360
-0.0052854111418128014
0.0196855217218399048
-0.0202859491109848022
0.2168155312538146973
0.0352816320955753326
-0.0496098995208740234
0.3194747567176818848
-0.0375095456838607788
0.0364335812628269196
-0.0195242017507553101
0.0782002508640289307
0.0249322392046451569
-0.0230674743652343750
-0.0455061048269271851
0.1443629413843154907
0.0085156001150608063
0.0935892015695571899
0.2975428104400634766
0.1504058837890625000
-0.0488118529319763184
-0.0070962309837341309
-0.0101938098669052124
0.0922682285308837891
0.0107598900794982910
0.7386636734008789062
0.4369897842407226562
2.1223154067993164062
1.0831308364868164062
0.0489365011453628540
0.0987586975097656250
0.1762633919715881348
0.2029764652252197266
-0.1252674460411071777
0.3226244449615478516
-0.9092864990234375000
2.4538307189941406250
1.2523345947265625000
0.6648218631744384766
3.7166757583618164062
3.6155588626861572266
-5.1686773300170898438
1.5359125137329101562
1.2850427627563476562
-3.3741598129272460938
-0.2380480170249938965
-0.1748403906822204590
0.1930900216102600098
0.1631187349557876587
-0.9548339843750000000
0.2288649082183837891
-0.0017967224121093750
-0.1588399410247802734
0.2623834609985351562
0.1801035404205322266
-0.0997933745384216309
0.1279449462890625000
-0.3508047461509704590
0.1431861519813537598
-0.3137605190277099609
0.0668321251869201660
-0.2600912451744079590
-0.1261257529258728027
0.1897897720336914062
-0.1124538779258728027
0.1579464823007583618
0.0628551393747329712
0.0798769593238830566
0.7057669162750244141
0.1414740085601806641
-0.1903398036956787109
-0.0026750415563583374
-0.3005371093750000000
0.9586801528930664062
-0.5343313217163085938
0.1589088439941406250
-0.0434255599975585938
0.5640258789062500000
0.1335158944129943848
0.2413599491119384766
-0.3845062255859375000
-0.0165730081498622894
0.7523691654205322266
0.0565365701913833618
0.2191505432128906250
0.2813570499420166016
0.0876703262329101562
-0.9773778915405273438
-1.8902051448822021484
0.1330031305551528931
0.1474414467811584473
-0.2172241210937500000
0.1478663086891174316
-0.4272451400756835938
0.4194488525390625000
1.8067171573638916016
1.7821524143218994141
2.5920753479003906250
0.4381341934204101562
0.0467264652252197266
0.0919779241085052490
0.0809151530265808105
-0.0621857047080993652
-0.0540865510702133179
-1.9278504848480224609
-0.0998587459325790405
0.7701087594032287598
-0.0012802481651306152
0.1856622695922851562
0.1081190705299377441
-0.0777585506439208984
0.0287364758551120758
0.0369296669960021973
-0.0980353206396102905
-0.1242027282714843750
-0.0357473939657211304
-0.0688812732696533203
0.1989023685455322266
0.1029205322265625000
7.9245462417602539062
-4.1347045898437500000
-26.6072349548339843750
-1.5423879623413085938
9.2052621841430664062
19.5625000000000000000
17.7211341857910156250
1.0517730712890625000
-7.1428794860839843750
4.2480020523071289062
13.5243263244628906250
2.8988990783691406250
-2.8294639587402343750
-16.0231781005859375000
-23.4793663024902343750
0.0593468099832534790
0.0332679748535156250
-0.0660633891820907593
0.1741266250610351562
-0.0082132667303085327
0.3498785495758056641
-0.0181910842657089233
-0.0139895528554916382
-0.8940904140472412109
-0.0417857021093368530
0.0395822525024414062
-0.0464848875999450684
-0.0742940902709960938
2.6516265869140625000
-0.0326293967664241791
0.9209985733032226562
0.6903669834136962891
-0.7148437500000000000
4.2314996719360351562
-4.8518590927124023438
4.1825103759765625000
-2.9946508407592773438
-0.1462249755859375000
2.4825782775878906250
2.6741418838500976562
-3.0453453063964843750
4.6834754943847656250
-2.2489624023437500000
-4.9471731185913085938
-3.4064245223999023438
-1.7023763656616210938
-2.5423431396484375000
3.2973871231079101562
1.2632446289062500000
1.4212274551391601562
-0.8040761947631835938
4.4105377197265625000
-1.3129110336303710938
1.4263498783111572266
2.3090553283691406250
0.3591470718383789062
-0.1901414394378662109
-0.1134695410728454590
0.0997214913368225098
0.2418108135461807251
0.2787790298461914062
0.1529448032379150391
0.1909714341163635254
0.6537408828735351562
-0.0350498557090759277
-0.0409917831420898438
0.0543997287750244141
0.0535609871149063110
0.3129847049713134766
0.0445749759674072266
-0.0386990904808044434
0.3689117431640625000
-0.0316065400838851929
0.0175434499979019165
-0.0351304411888122559
-0.0492575019598007202
-0.0363044142723083496
-0.1360435485839843750
-0.0681023448705673218
0.4547815918922424316
-0.1571092009544372559
-0.1426770687103271484
-0.0458812564611434937
0.9588758945465087891
0.0750374943017959595
-0.0413097739219665527
-0.1426179409027099609
0.1014117151498794556
0.0627557933330535889
-0.2090375423431396484
0.3657836914062500000
-0.0149865411221981049
-0.3545053005218505859
-0.2958314418792724609
-0.0512298196554183960
0.2226562500000000000
0.0182054191827774048
-0.0494191646575927734
-0.0292816162109375000
0.8401031494140625000
0.2224197983741760254
0.0480523705482482910
0.0924916416406631470
