0.0000000000000000000
0.0000000000000000000
0.0000000000000000000
-16.0000000000000000000
0.0000000000000000000
-16.0000000000000000000
0.0000000000000000000
0.0000000000000000000
0.0000000000000000000
0.0000000000000000000
-16.0000000000000000000
8.0000000000000000000
8.0000000000000000000
0.0000000000000000000
8.0000000000000000000
8.0000000000000000000
2.0000000000000000000
0.0000000000000000000
4.0000000000000000000
0.5000000000000000000
0.5000000000000000000
2.0000000000000000000
-1.0000000000000000000
0.1250000000000000000
-0.0625000000000000000
0.0000000000000000000
0.0625000000000000000
0.0312500000000000000
-0.2500000000000000000
0.0937500000000000000
-0.0000038146972656250
0.0000000000000000000
-0.0625000000000000000
0.0039062500000000000
0.0078125000000000000
0.0156250000000000000
-0.2500000000000000000
0.0625000000000000000
0.0000000000000000000
0.5000000000000000000
0.0000000000000000000
0.0039062500000000000
0.0001220703125000000
0.0001220703125000000
0.0002441406250000000
0.0009765625000000000
-0.0009765625000000000
0.0009765625000000000
-0.0625000000000000000
-0.0002441406250000000
0.0234375000000000000
0.0000000000000000000
0.0039062500000000000
0.0009765625000000000
0.0009765625000000000
0.0000000000000000000
-0.0039062500000000000
0.0019531250000000000
0.0039062500000000000
0.0039062500000000000
-0.0156250000000000000
0.0000000000000000000
0.0156250000000000000
-0.0001220703125000000
-0.0001220703125000000
0.0078125000000000000
0.0000076293945312500
0.0000076293945312500
0.0000076293945312500
-0.0078125000000000000
-0.0001220703125000000
0.0078125000000000000
0.0000000000000000000
0.0039062500000000000
-0.0001220703125000000
0.0009765625000000000
0.0002441406250000000
0.0000000000000000000
-0.0078125000000000000
-0.0039062500000000000
-0.0039062500000000000
0.0234375000000000000
0.0000000000000000000
-0.0625000000000000000
-0.0001220703125000000
0.0002441406250000000
0.0000000000000000000
0.0156250000000000000
-0.0156250000000000000
0.0156250000000000000
0.0039062500000000000
0.0039062500000000000
-0.0002441406250000000
0.0039062500000000000
-0.0039062500000000000
0.0000000000000000000
0.0000000000000000000
-0.0078125000000000000
-0.0312500000000000000
-0.0002441406250000000
0.0039062500000000000
0.0004882812500000000
0.0000000000000000000
0.0000000000000000000
-0.0078125000000000000
0.0078125000000000000
0.0000000000000000000
0.0000000000000000000
0.0078125000000000000
0.0000000000000000000
-0.0625000000000000000
0.0078125000000000000
0.0039062500000000000
0.0000000000000000000
0.0000000000000000000
0.0156250000000000000
-0.0039062500000000000
0.0039062500000000000
0.0039062500000000000
-0.0156250000000000000
0.0002441406250000000
0.0000000000000000000
0.0000000000000000000
0.0039062500000000000
-0.0078125000000000000
0.0078125000000000000
0.0000000000000000000
0.0312500000000000000
-0.0156250000000000000
0.2500000000000000000
0.0312500000000000000
-0.0019531250000000000
0.0019531250000000000
-0.0156250000000000000
0.0078125000000000000
0.0078125000000000000
0.0312500000000000000
0.0000000000000000000
-0.0156250000000000000
0.0312500000000000000
0.0156250000000000000
-0.0019531250000000000
0.0078125000000000000
0.0156250000000000000
0.0000000000000000000
-0.0156250000000000000
0.0019531250000000000
0.0078125000000000000
0.0312500000000000000
0.0078125000000000000
0.0039062500000000000
-0.0625000000000000000
0.0039062500000000000
-0.0312500000000000000
0.0312500000000000000
0.0078125000000000000
-0.0019531250000000000
0.2500000000000000000
0.0156250000000000000
0.0312500000000000000
0.0312500000000000000
0.0625000000000000000
0.0000000000000000000
-0.0001678466796875000
0.0000000000000000000
0.0000000000000000000
0.0000317096710205078
0.0000317096710205078
-0.0034179687500000000
0.0006713867187500000
0.0625000000000000000
0.1250000000000000000
0.0000000000000000000
0.0312500000000000000
0.2500000000000000000
0.0156250000000000000
0.0000000000000000000
0.1250000000000000000
0.5000000000000000000
0.0156250000000000000
-0.5000000000000000000
0.1250000000000000000
0.0156250000000000000
-0.2500000000000000000
0.0000000000000000000
0.2500000000000000000
0.0625000000000000000
0.0000000000000000000
0.0156250000000000000
0.0000000000000000000
0.2500000000000000000
0.0625000000000000000
-0.0625000000000000000
0.5000000000000000000
-0.0312500000000000000
0.0625000000000000000
-0.0312500000000000000
0.0625000000000000000
0.0312500000000000000
-0.0312500000000000000
-0.0625000000000000000
0.1250000000000000000
0.0156250000000000000
0.0625000000000000000
0.5000000000000000000
0.1250000000000000000
-0.0625000000000000000
0.0156250000000000000
0.0000000000000000000
0.1250000000000000000
0.0000000000000000000
0.5000000000000000000
0.5000000000000000000
2.0000000000000000000
2.0000000000000000000
0.0625000000000000000
0.1250000000000000000
0.1250000000000000000
0.2500000000000000000
-0.1250000000000000000
0.1250000000000000000
0.0000000000000000000
2.0000000000000000000
2.0000000000000000000
0.0000000000000000000
4.0000000000000000000
4.0000000000000000000
-6.0000000000000000000
2.0000000000000000000
2.0000000000000000000
-4.0000000000000000000
-0.2500000000000000000
-0.1250000000000000000
0.2500000000000000000
0.1250000000000000000
-1.0000000000000000000
0.2500000000000000000
0.0000000000000000000
-0.1250000000000000000
0.2500000000000000000
0.2500000000000000000
-0.1250000000000000000
0.1250000000000000000
-0.2500000000000000000
0.2500000000000000000
-1.0000000000000000000
0.1250000000000000000
-0.2500000000000000000
-0.1250000000000000000
0.2500000000000000000
-0.1250000000000000000
0.1250000000000000000
0.1250000000000000000
0.1250000000000000000
0.5000000000000000000
0.1250000000000000000
-0.2500000000000000000
0.0000000000000000000
-0.2500000000000000000
1.0000000000000000000
-0.5000000000000000000
0.1250000000000000000
0.0000000000000000000
0.5000000000000000000
0.1250000000000000000
0.2500000000000000000
-0.1250000000000000000
0.0000000000000000000
0.5000000000000000000
0.0625000000000000000
0.2500000000000000000
0.2500000000000000000
0.0000000000000000000
-1.0000000000000000000
-2.0000000000000000000
0.2500000000000000000
0.2500000000000000000
-0.1250000000000000000
0.1250000000000000000
0.0000000000000000000
0.0000000000000000000
2.0000000000000000000
2.0000000000000000000
2.0000000000000000000
0.5000000000000000000
0.0625000000000000000
0.0625000000000000000
0.0625000000000000000
0.0000000000000000000
-0.0625000000000000000
-2.0000000000000000000
0.0000000000000000000
1.0000000000000000000
0.0000000000000000000
0.1250000000000000000
0.1250000000000000000
0.0000000000000000000
0.0312500000000000000
0.0625000000000000000
-0.0312500000000000000
-0.1250000000000000000
-0.0625000000000000000
0.0000000000000000000
0.2500000000000000000
0.1250000000000000000
0.0000000000000000000
0.0000000000000000000
0.0000000000000000000
0.0000000000000000000
-8.0000000000000000000
16.0000000000000000000
8.0000000000000000000
16.0000000000000000000
0.0000000000000000000
8.0000000000000000000
16.0000000000000000000
0.0000000000000000000
0.0000000000000000000
0.0000000000000000000
-8.0000000000000000000
0.0625000000000000000
0.0312500000000000000
-0.0625000000000000000
0.1250000000000000000
0.0000000000000000000
0.5000000000000000000
0.0000000000000000000
0.0000000000000000000
-1.0000000000000000000
-0.0312500000000000000
0.0625000000000000000
-0.0312500000000000000
0.0000000000000000000
2.0000000000000000000
0.0000000000000000000
1.0000000000000000000
0.5000000000000000000
0.0000000000000000000
4.0000000000000000000
0.0000000000000000000
4.0000000000000000000
-2.0000000000000000000
0.0000000000000000000
2.0000000000000000000
2.0000000000000000000
-4.0000000000000000000
8.0000000000000000000
-2.0000000000000000000
-2.0000000000000000000
-4.0000000000000000000
0.0000000000000000000
-2.0000000000000000000
4.0000000000000000000
2.0000000000000000000
2.0000000000000000000
0.0000000000000000000
4.0000000000000000000
-2.0000000000000000000
2.0000000000000000000
2.0000000000000000000
0.0000000000000000000
0.0000000000000000000
-0.1250000000000000000
0.1250000000000000000
0.2500000000000000000
0.2500000000000000000
0.1250000000000000000
0.2500000000000000000
0.5000000000000000000
-0.0312500000000000000
-0.0625000000000000000
0.0625000000000000000
0.0625000000000000000
0.2500000000000000000
0.0000000000000000000
0.0000000000000000000
0.3750000000000000000
-0.0312500000000000000
0.0312500000000000000
-0.0312500000000000000
-0.0625000000000000000
0.2500000000000000000
0.0000000000000000000
0.0000000000000000000
0.5000000000000000000
-0.1250000000000000000
-0.1250000000000000000
-0.0312500000000000000
1.0000000000000000000
0.0625000000000000000
-0.0625000000000000000
-0.1250000000000000000
0.1250000000000000000
0.0625000000000000000
-0.2500000000000000000
0.2500000000000000000
0.0000000000000000000
-0.5000000000000000000
-0.2500000000000000000
-0.0625000000000000000
0.2500000000000000000
0.0156250000000000000
-0.0625000000000000000
0.0000000000000000000
1.0000000000000000000
0.2500000000000000000
0.0625000000000000000
0.0625000000000000000
